{
  "camera_angle_x": 1.5968514174537651,
  "fl_x": 935.3074,
  "fl_y": 935.3074,
  "k1": 0.0,
  "k2": 0.0,
  "p1": 0.0,
  "p2": 0.0,
  "cx": 960.0,
  "cy": 540.0,
  "w": 1920,
  "h": 1080,
  "aabb_scale": 32,
  "frames": [
    {
      "file_path": "images/Camera_L0_H00_0000.jpg",
      "sharpness": 50.0,
      "transform_matrix": [
        [
          1.0364972768961422e-16,
          0.09950481518995911,
          -0.9950370805924832,
          10.0
        ],
        [
          0.0,
          0.9950370805924833,
          0.09950481518995911,
          -2.0
        ],
        [
          -0.9999999999999999,
          0.0,
          -1.1102230246251565e-16,
          0.0
        ],
        [
          0.0,
          0.0,
          0.0,
          1.0
        ]
      ]
    },
    {
      "file_path": "images/Camera_L0_H01_0001.jpg",
      "sharpness": 50.0,
      "transform_matrix": [
        [
          -0.34202059338930896,
          0.09350298910019521,
          -0.9350289325614229,
          9.396926
        ],
        [
          7.540004162698288e-08,
          0.9950371828421775,
          0.09950379269905885,
          -2.0
        ],
        [
          -0.9396924569760148,
          -0.03403227572219846,
          0.3403232147702372,
          -3.420201
        ],
        [
          0.0,
          0.0,
          0.0,
          1.0
        ]
      ]
    },
    {
      "file_path": "images/Camera_L0_H02_0002.jpg",
      "sharpness": 50.0,
      "transform_matrix": [
        [
          -0.6427873107923741,
          0.07622430088875015,
          -0.7622429593235533,
          7.660444
        ],
        [
          -7.30603235327143e-07,
          0.9950371285683298,
          0.09950433543298136,
          -2.0
        ],
        [
          -0.7660446939205134,
          -0.06396068108232066,
          0.6395971843212817,
          -6.427876
        ],
        [
          0.0,
          0.0,
          0.0,
          1.0
        ]
      ]
    },
    {
      "file_path": "images/Camera_L0_H03_0003.jpg",
      "sharpness": 50.0,
      "transform_matrix": [
        [
          -0.8660252135190397,
          0.049752191179251615,
          -0.497518893130869,
          5.0
        ],
        [
          6.708854770852424e-07,
          0.995037246058159,
          0.09950316053545555,
          -2.0
        ],
        [
          -0.5000003295487432,
          -0.0861719120703372,
          0.8617273768549369,
          -8.660254
        ],
        [
          0.0,
          0.0,
          0.0,
          1.0
        ]
      ]
    },
    {
      "file_path": "images/Camera_L0_H04_0004.jpg",
      "sharpness": 50.0,
      "transform_matrix": [
        [
          -0.9848075880529081,
          0.01727955223142606,
          -0.17278724370767132,
          1.736482
        ],
        [
          8.753678508305329e-07,
          0.9950372121656987,
          0.09950349945980763,
          -2.0
        ],
        [
          -0.17364911319280188,
          -0.09799165005343888,
          0.9799202120617561,
          -9.848078
        ],
        [
          0.0,
          0.0,
          0.0,
          1.0
        ]
      ]
    },
    {
      "file_path": "images/Camera_L0_H05_0005.jpg",
      "sharpness": 50.0,
      "transform_matrix": [
        [
          -0.9848075880529081,
          -0.01727955223142606,
          0.17278724370767132,
          -1.736482
        ],
        [
          -8.753678508305329e-07,
          0.9950372121656987,
          0.09950349945980763,
          -2.0
        ],
        [
          0.17364911319280188,
          -0.09799165005343888,
          0.9799202120617561,
          -9.848078
        ],
        [
          0.0,
          0.0,
          0.0,
          1.0
        ]
      ]
    },
    {
      "file_path": "images/Camera_L0_H06_0006.jpg",
      "sharpness": 50.0,
      "transform_matrix": [
        [
          -0.8660252135190397,
          -0.049752191179251615,
          0.497518893130869,
          -5.0
        ],
        [
          -6.708854770852424e-07,
          0.995037246058159,
          0.09950316053545555,
          -2.0
        ],
        [
          0.5000003295487432,
          -0.0861719120703372,
          0.8617273768549369,
          -8.660254
        ],
        [
          0.0,
          0.0,
          0.0,
          1.0
        ]
      ]
    },
    {
      "file_path": "images/Camera_L0_H07_0007.jpg",
      "sharpness": 50.0,
      "transform_matrix": [
        [
          -0.6427873107923741,
          -0.07622430088875015,
          0.7622429593235533,
          -7.660444
        ],
        [
          7.30603235327143e-07,
          0.9950371285683298,
          0.09950433543298136,
          -2.0
        ],
        [
          0.7660446939205134,
          -0.06396068108232066,
          0.6395971843212817,
          -6.427876
        ],
        [
          0.0,
          0.0,
          0.0,
          1.0
        ]
      ]
    },
    {
      "file_path": "images/Camera_L0_H08_0008.jpg",
      "sharpness": 50.0,
      "transform_matrix": [
        [
          -0.34202059338930896,
          -0.09350298910019521,
          0.9350289325614229,
          -9.396926
        ],
        [
          -7.540004162698288e-08,
          0.9950371828421775,
          0.09950379269905885,
          -2.0
        ],
        [
          0.9396924569760148,
          -0.03403227572219846,
          0.3403232147702372,
          -3.420202
        ],
        [
          0.0,
          0.0,
          0.0,
          1.0
        ]
      ]
    },
    {
      "file_path": "images/Camera_L0_H09_0009.jpg",
      "sharpness": 50.0,
      "transform_matrix": [
        [
          1.0364972768961422e-16,
          -0.09950481518995911,
          0.9950370805924832,
          -10.0
        ],
        [
          0.0,
          0.9950370805924833,
          0.09950481518995911,
          -2.0
        ],
        [
          0.9999999999999999,
          0.0,
          -1.1102230246251565e-16,
          1e-06
        ],
        [
          0.0,
          0.0,
          0.0,
          1.0
        ]
      ]
    },
    {
      "file_path": "images/Camera_L0_H10_0010.jpg",
      "sharpness": 50.0,
      "transform_matrix": [
        [
          0.34202059338930885,
          -0.09350298910019521,
          0.9350289325614229,
          -9.396926
        ],
        [
          7.540004162698288e-08,
          0.9950371828421775,
          0.09950379269905885,
          -2.0
        ],
        [
          0.9396924569760148,
          0.03403227572219846,
          -0.34032321477023697,
          3.420202
        ],
        [
          0.0,
          0.0,
          0.0,
          1.0
        ]
      ]
    },
    {
      "file_path": "images/Camera_L0_H11_0011.jpg",
      "sharpness": 50.0,
      "transform_matrix": [
        [
          0.6427873107923744,
          -0.07622430088875021,
          0.7622429593235538,
          -7.660445
        ],
        [
          -7.306032353202041e-07,
          0.9950371285683298,
          0.0995043354329814,
          -2.0
        ],
        [
          0.7660446939205139,
          0.06396068108232067,
          -0.639597184321282,
          6.427876
        ],
        [
          0.0,
          0.0,
          0.0,
          1.0
        ]
      ]
    },
    {
      "file_path": "images/Camera_L0_H12_0012.jpg",
      "sharpness": 50.0,
      "transform_matrix": [
        [
          0.8660252135190396,
          -0.049752191179251615,
          0.497518893130869,
          -4.999999
        ],
        [
          6.708854770852424e-07,
          0.995037246058159,
          0.09950316053545555,
          -2.0
        ],
        [
          0.5000003295487432,
          0.0861719120703372,
          -0.8617273768549368,
          8.660254
        ],
        [
          0.0,
          0.0,
          0.0,
          1.0
        ]
      ]
    },
    {
      "file_path": "images/Camera_L0_H13_0013.jpg",
      "sharpness": 50.0,
      "transform_matrix": [
        [
          0.9848075880529086,
          -0.017279552231426066,
          0.1727872437076714,
          -1.736481
        ],
        [
          8.753678508305329e-07,
          0.9950372121656987,
          0.09950349945980769,
          -2.0
        ],
        [
          0.17364911319280196,
          0.09799165005343893,
          -0.9799202120617565,
          9.848078
        ],
        [
          0.0,
          0.0,
          0.0,
          1.0
        ]
      ]
    },
    {
      "file_path": "images/Camera_L0_H14_0014.jpg",
      "sharpness": 50.0,
      "transform_matrix": [
        [
          0.9848075880529086,
          0.017279552231426066,
          -0.1727872437076714,
          1.736481
        ],
        [
          -8.753678508305329e-07,
          0.9950372121656987,
          0.09950349945980769,
          -2.0
        ],
        [
          -0.17364911319280196,
          0.09799165005343893,
          -0.9799202120617565,
          9.848078
        ],
        [
          0.0,
          0.0,
          0.0,
          1.0
        ]
      ]
    },
    {
      "file_path": "images/Camera_L0_H15_0015.jpg",
      "sharpness": 50.0,
      "transform_matrix": [
        [
          0.8660252135190396,
          0.049752191179251615,
          -0.497518893130869,
          4.999999
        ],
        [
          -6.708854770852424e-07,
          0.995037246058159,
          0.09950316053545555,
          -2.0
        ],
        [
          -0.5000003295487432,
          0.0861719120703372,
          -0.8617273768549368,
          8.660254
        ],
        [
          0.0,
          0.0,
          0.0,
          1.0
        ]
      ]
    },
    {
      "file_path": "images/Camera_L0_H16_0016.jpg",
      "sharpness": 50.0,
      "transform_matrix": [
        [
          0.6427873107923744,
          0.07622430088875021,
          -0.7622429593235538,
          7.660443
        ],
        [
          7.306032353202041e-07,
          0.9950371285683298,
          0.0995043354329814,
          -2.0
        ],
        [
          -0.7660446939205139,
          0.06396068108232067,
          -0.639597184321282,
          6.427877
        ],
        [
          0.0,
          0.0,
          0.0,
          1.0
        ]
      ]
    },
    {
      "file_path": "images/Camera_L0_H17_0017.jpg",
      "sharpness": 50.0,
      "transform_matrix": [
        [
          0.34202059338930885,
          0.09350298910019521,
          -0.9350289325614229,
          9.396926
        ],
        [
          -7.540004162698288e-08,
          0.9950371828421775,
          0.09950379269905885,
          -2.0
        ],
        [
          -0.9396924569760148,
          0.03403227572219846,
          -0.34032321477023697,
          3.420204
        ],
        [
          0.0,
          0.0,
          0.0,
          1.0
        ]
      ]
    },
    {
      "file_path": "images/Camera_L1_H00_0018.jpg",
      "sharpness": 50.0,
      "transform_matrix": [
        [
          3.5735303605122226e-16,
          0.19611705959560455,
          -0.9805804907989825,
          10.0
        ],
        [
          0.0,
          0.9805804907989828,
          0.19611705959560455,
          -3.0
        ],
        [
          -0.9999999999999997,
          0.0,
          -3.3306690738754696e-16,
          0.0
        ],
        [
          0.0,
          0.0,
          0.0,
          1.0
        ]
      ]
    },
    {
      "file_path": "images/Camera_L1_H01_0019.jpg",
      "sharpness": 50.0,
      "transform_matrix": [
        [
          -0.38268393378898363,
          0.1811883925871385,
          -0.9059380625691131,
          9.238795
        ],
        [
          8.157785394979911e-07,
          0.9805805795853741,
          0.19611661566360536,
          -3.0
        ],
        [
          -0.9238793248141901,
          -0.07504993891870107,
          0.3752525814024148,
          -3.826835
        ],
        [
          0.0,
          0.0,
          0.0,
          1.0
        ]
      ]
    },
    {
      "file_path": "images/Camera_L1_H02_0020.jpg",
      "sharpness": 50.0,
      "transform_matrix": [
        [
          -0.707106630178383,
          0.13867570767558068,
          -0.6933752675560677,
          7.071068
        ],
        [
          4.2434023814208466e-07,
          0.9805805810014336,
          0.1961166085845631,
          -3.0
        ],
        [
          -0.7071069321945526,
          -0.13867505999121715,
          0.6933750890959676,
          -7.071068
        ],
        [
          0.0,
          0.0,
          0.0,
          1.0
        ]
      ]
    },
    {
      "file_path": "images/Camera_L1_H03_0021.jpg",
      "sharpness": 50.0,
      "transform_matrix": [
        [
          -0.9238794029063112,
          0.07505085172506815,
          -0.37525220657688296,
          3.826834
        ],
        [
          5.83768130217599e-07,
          0.9805807458442829,
          0.19611578437017518,
          -3.0
        ],
        [
          -0.3826837452585843,
          -0.18118711470414134,
          0.9059383977843367,
          -9.238795
        ],
        [
          0.0,
          0.0,
          0.0,
          1.0
        ]
      ]
    },
    {
      "file_path": "images/Camera_L1_H04_0022.jpg",
      "sharpness": 50.0,
      "transform_matrix": [
        [
          -1.0000000000000002,
          0.0,
          -0.0,
          0.0
        ],
        [
          0.0,
          0.9805805139483783,
          0.19611694384915918,
          -3.0
        ],
        [
          -0.0,
          -0.19611694384915918,
          0.9805805139483785,
          -10.0
        ],
        [
          0.0,
          0.0,
          0.0,
          1.0
        ]
      ]
    },
    {
      "file_path": "images/Camera_L1_H05_0023.jpg",
      "sharpness": 50.0,
      "transform_matrix": [
        [
          -0.9238794029063112,
          -0.07505085172506815,
          0.37525220657688296,
          -3.826834
        ],
        [
          -5.83768130217599e-07,
          0.9805807458442829,
          0.19611578437017518,
          -3.0
        ],
        [
          0.3826837452585843,
          -0.18118711470414134,
          0.9059383977843367,
          -9.238795
        ],
        [
          0.0,
          0.0,
          0.0,
          1.0
        ]
      ]
    },
    {
      "file_path": "images/Camera_L1_H06_0024.jpg",
      "sharpness": 50.0,
      "transform_matrix": [
        [
          -0.707106630178383,
          -0.13867570767558068,
          0.6933752675560677,
          -7.071068
        ],
        [
          -4.2434023814208466e-07,
          0.9805805810014336,
          0.1961166085845631,
          -3.0
        ],
        [
          0.7071069321945526,
          -0.13867505999121715,
          0.6933750890959676,
          -7.071068
        ],
        [
          0.0,
          0.0,
          0.0,
          1.0
        ]
      ]
    },
    {
      "file_path": "images/Camera_L1_H07_0025.jpg",
      "sharpness": 50.0,
      "transform_matrix": [
        [
          -0.38268393378898363,
          -0.1811883925871385,
          0.9059380625691131,
          -9.238795
        ],
        [
          -8.157785394979911e-07,
          0.9805805795853741,
          0.19611661566360536,
          -3.0
        ],
        [
          0.9238793248141901,
          -0.07504993891870107,
          0.3752525814024148,
          -3.826835
        ],
        [
          0.0,
          0.0,
          0.0,
          1.0
        ]
      ]
    },
    {
      "file_path": "images/Camera_L1_H08_0026.jpg",
      "sharpness": 50.0,
      "transform_matrix": [
        [
          3.5735303605122226e-16,
          -0.19611705959560455,
          0.9805804907989825,
          -10.0
        ],
        [
          0.0,
          0.9805804907989828,
          0.19611705959560455,
          -3.0
        ],
        [
          0.9999999999999997,
          0.0,
          -3.3306690738754696e-16,
          1e-06
        ],
        [
          0.0,
          0.0,
          0.0,
          1.0
        ]
      ]
    },
    {
      "file_path": "images/Camera_L1_H09_0027.jpg",
      "sharpness": 50.0,
      "transform_matrix": [
        [
          0.3826824049104084,
          -0.1811883561031698,
          0.9059387156892111,
          -9.238795
        ],
        [
          6.519157102896633e-07,
          0.9805806010580586,
          0.19611650830103927,
          -3.0
        ],
        [
          0.9238799580960513,
          0.07504974644359247,
          -0.3752510607409274,
          3.826834
        ],
        [
          0.0,
          0.0,
          0.0,
          1.0
        ]
      ]
    },
    {
      "file_path": "images/Camera_L1_H10_0028.jpg",
      "sharpness": 50.0,
      "transform_matrix": [
        [
          0.7071066301783829,
          -0.13867570767558068,
          0.6933752675560677,
          -7.071068
        ],
        [
          4.2434023814208466e-07,
          0.9805805810014336,
          0.1961166085845631,
          -3.0
        ],
        [
          0.7071069321945526,
          0.13867505999121715,
          -0.6933750890959675,
          7.071067
        ],
        [
          0.0,
          0.0,
          0.0,
          1.0
        ]
      ]
    },
    {
      "file_path": "images/Camera_L1_H11_0029.jpg",
      "sharpness": 50.0,
      "transform_matrix": [
        [
          0.9238794029063113,
          -0.07505085172506815,
          0.37525220657688296,
          -3.826836
        ],
        [
          5.83768130217599e-07,
          0.9805807458442829,
          0.19611578437017518,
          -3.0
        ],
        [
          0.3826837452585843,
          0.18118711470414134,
          -0.9059383977843367,
          9.238795
        ],
        [
          0.0,
          0.0,
          0.0,
          1.0
        ]
      ]
    },
    {
      "file_path": "images/Camera_L1_H12_0030.jpg",
      "sharpness": 50.0,
      "transform_matrix": [
        [
          1.0,
          0.0,
          -0.0,
          0.0
        ],
        [
          0.0,
          0.9805805139483783,
          0.19611694384915918,
          -3.0
        ],
        [
          0.0,
          0.19611694384915918,
          -0.9805805139483783,
          10.0
        ],
        [
          0.0,
          0.0,
          0.0,
          1.0
        ]
      ]
    },
    {
      "file_path": "images/Camera_L1_H13_0031.jpg",
      "sharpness": 50.0,
      "transform_matrix": [
        [
          0.9238794029063113,
          0.07505085172506815,
          -0.37525220657688296,
          3.826836
        ],
        [
          -5.83768130217599e-07,
          0.9805807458442829,
          0.19611578437017518,
          -3.0
        ],
        [
          -0.3826837452585843,
          0.18118711470414134,
          -0.9059383977843367,
          9.238794
        ],
        [
          0.0,
          0.0,
          0.0,
          1.0
        ]
      ]
    },
    {
      "file_path": "images/Camera_L1_H14_0032.jpg",
      "sharpness": 50.0,
      "transform_matrix": [
        [
          0.7071066301783829,
          0.13867570767558068,
          -0.6933752675560677,
          7.071066
        ],
        [
          -4.2434023814208466e-07,
          0.9805805810014336,
          0.1961166085845631,
          -3.0
        ],
        [
          -0.7071069321945526,
          0.13867505999121715,
          -0.6933750890959675,
          7.071069
        ],
        [
          0.0,
          0.0,
          0.0,
          1.0
        ]
      ]
    },
    {
      "file_path": "images/Camera_L1_H15_0033.jpg",
      "sharpness": 50.0,
      "transform_matrix": [
        [
          0.3826824049104084,
          0.1811883561031698,
          -0.9059387156892111,
          9.238795
        ],
        [
          -6.519157102896633e-07,
          0.9805806010580586,
          0.19611650830103927,
          -3.0
        ],
        [
          -0.9238799580960513,
          0.07504974644359247,
          -0.3752510607409274,
          3.826834
        ],
        [
          0.0,
          0.0,
          0.0,
          1.0
        ]
      ]
    },
    {
      "file_path": "images/Camera_L2_H00_0034.jpg",
      "sharpness": 50.0,
      "transform_matrix": [
        [
          3.122502256758253e-17,
          0.28734724466598077,
          -0.957826477491027,
          10.0
        ],
        [
          0.0,
          0.957826477491027,
          0.28734724466598077,
          -4.0
        ],
        [
          -1.0,
          0.0,
          -0.0,
          0.0
        ],
        [
          0.0,
          0.0,
          0.0,
          1.0
        ]
      ]
    },
    {
      "file_path": "images/Camera_L2_H01_0035.jpg",
      "sharpness": 50.0,
      "transform_matrix": [
        [
          -0.43388319590432123,
          0.25889199182197625,
          -0.862971789157851,
          9.009688
        ],
        [
          -7.30932033676801e-07,
          0.9578260450578894,
          0.287348686108407,
          -4.0
        ],
        [
          -0.9009691294996285,
          -0.1246763970413481,
          0.4155844363176634,
          -4.338838
        ],
        [
          0.0,
          0.0,
          0.0,
          1.0
        ]
      ]
    },
    {
      "file_path": "images/Camera_L2_H02_0036.jpg",
      "sharpness": 50.0,
      "transform_matrix": [
        [
          -0.7818319032266693,
          0.17915842536771176,
          -0.5971943852019421,
          6.234898
        ],
        [
          5.418536502127536e-07,
          0.9578264319908094,
          0.28734739633318707,
          -4.0
        ],
        [
          -0.6234892742434868,
          -0.22465703817044624,
          0.7488593593618312,
          -7.818315
        ],
        [
          0.0,
          0.0,
          0.0,
          1.0
        ]
      ]
    },
    {
      "file_path": "images/Camera_L2_H03_0037.jpg",
      "sharpness": 50.0,
      "transform_matrix": [
        [
          -0.9749277481481,
          0.06394157388609854,
          -0.21313695367027388,
          2.22521
        ],
        [
          4.839222146613142e-07,
          0.9578262911299957,
          0.2873478658697893,
          -4.0
        ],
        [
          -0.22252165263327003,
          -0.28014330466588916,
          0.9338114600711613,
          -9.749279
        ],
        [
          0.0,
          0.0,
          0.0,
          1.0
        ]
      ]
    },
    {
      "file_path": "images/Camera_L2_H04_0038.jpg",
      "sharpness": 50.0,
      "transform_matrix": [
        [
          -0.9749277481481,
          -0.06394157388609854,
          0.21313695367027388,
          -2.225209
        ],
        [
          -4.839222146613142e-07,
          0.9578262911299957,
          0.2873478658697893,
          -4.0
        ],
        [
          0.22252165263327003,
          -0.28014330466588916,
          0.9338114600711613,
          -9.749279
        ],
        [
          0.0,
          0.0,
          0.0,
          1.0
        ]
      ]
    },
    {
      "file_path": "images/Camera_L2_H05_0039.jpg",
      "sharpness": 50.0,
      "transform_matrix": [
        [
          -0.7818319032266693,
          -0.17915842536771176,
          0.5971943852019421,
          -6.234898
        ],
        [
          -5.418536502127536e-07,
          0.9578264319908094,
          0.28734739633318707,
          -4.0
        ],
        [
          0.6234892742434868,
          -0.22465703817044624,
          0.7488593593618312,
          -7.818315
        ],
        [
          0.0,
          0.0,
          0.0,
          1.0
        ]
      ]
    },
    {
      "file_path": "images/Camera_L2_H06_0040.jpg",
      "sharpness": 50.0,
      "transform_matrix": [
        [
          -0.43388319590432123,
          -0.25889199182197625,
          0.862971789157851,
          -9.009688
        ],
        [
          7.30932033676801e-07,
          0.9578260450578894,
          0.287348686108407,
          -4.0
        ],
        [
          0.9009691294996285,
          -0.1246763970413481,
          0.4155844363176634,
          -4.338838
        ],
        [
          0.0,
          0.0,
          0.0,
          1.0
        ]
      ]
    },
    {
      "file_path": "images/Camera_L2_H07_0041.jpg",
      "sharpness": 50.0,
      "transform_matrix": [
        [
          3.122502256758253e-17,
          -0.28734724466598077,
          0.957826477491027,
          -10.0
        ],
        [
          0.0,
          0.957826477491027,
          0.28734724466598077,
          -4.0
        ],
        [
          1.0,
          0.0,
          -0.0,
          1e-06
        ],
        [
          0.0,
          0.0,
          0.0,
          1.0
        ]
      ]
    },
    {
      "file_path": "images/Camera_L2_H08_0042.jpg",
      "sharpness": 50.0,
      "transform_matrix": [
        [
          0.43388319590432134,
          -0.2588919918219762,
          0.8629717891578508,
          -9.009688
        ],
        [
          -7.309320336490455e-07,
          0.9578260450578894,
          0.28734868610840697,
          -4.0
        ],
        [
          0.9009691294996283,
          0.12467639704134809,
          -0.4155844363176635,
          4.338838
        ],
        [
          0.0,
          0.0,
          0.0,
          1.0
        ]
      ]
    },
    {
      "file_path": "images/Camera_L2_H09_0043.jpg",
      "sharpness": 50.0,
      "transform_matrix": [
        [
          0.7818319032266695,
          -0.17915842536771176,
          0.5971943852019421,
          -6.2349
        ],
        [
          5.418536502127536e-07,
          0.9578264319908094,
          0.28734739633318707,
          -4.0
        ],
        [
          0.6234892742434868,
          0.22465703817044624,
          -0.7488593593618315,
          7.818313
        ],
        [
          0.0,
          0.0,
          0.0,
          1.0
        ]
      ]
    },
    {
      "file_path": "images/Camera_L2_H10_0044.jpg",
      "sharpness": 50.0,
      "transform_matrix": [
        [
          0.9749277481480995,
          -0.06394157388609854,
          0.21313695367027388,
          -2.22521
        ],
        [
          4.839222146613142e-07,
          0.9578262911299957,
          0.2873478658697893,
          -4.0
        ],
        [
          0.22252165263327003,
          0.28014330466588916,
          -0.9338114600711608,
          9.749279
        ],
        [
          0.0,
          0.0,
          0.0,
          1.0
        ]
      ]
    },
    {
      "file_path": "images/Camera_L2_H11_0045.jpg",
      "sharpness": 50.0,
      "transform_matrix": [
        [
          0.9749277481480995,
          0.06394157388609854,
          -0.21313695367027388,
          2.22521
        ],
        [
          -4.839222146613142e-07,
          0.9578262911299957,
          0.2873478658697893,
          -4.0
        ],
        [
          -0.22252165263327003,
          0.28014330466588916,
          -0.9338114600711608,
          9.749279
        ],
        [
          0.0,
          0.0,
          0.0,
          1.0
        ]
      ]
    },
    {
      "file_path": "images/Camera_L2_H12_0046.jpg",
      "sharpness": 50.0,
      "transform_matrix": [
        [
          0.7818319032266695,
          0.17915842536771176,
          -0.5971943852019421,
          6.234897
        ],
        [
          -5.418536502127536e-07,
          0.9578264319908094,
          0.28734739633318707,
          -4.0
        ],
        [
          -0.6234892742434868,
          0.22465703817044624,
          -0.7488593593618315,
          7.818316
        ],
        [
          0.0,
          0.0,
          0.0,
          1.0
        ]
      ]
    },
    {
      "file_path": "images/Camera_L2_H13_0047.jpg",
      "sharpness": 50.0,
      "transform_matrix": [
        [
          0.43388319590432134,
          0.2588919918219762,
          -0.8629717891578508,
          9.009688
        ],
        [
          7.309320336490455e-07,
          0.9578260450578894,
          0.28734868610840697,
          -4.0
        ],
        [
          -0.9009691294996283,
          0.12467639704134809,
          -0.4155844363176635,
          4.338838
        ],
        [
          0.0,
          0.0,
          0.0,
          1.0
        ]
      ]
    },
    {
      "file_path": "images/Camera_L3_H00_0048.jpg",
      "sharpness": 50.0,
      "transform_matrix": [
        [
          1.3877787807814457e-17,
          0.37139014319326336,
          -0.9284769041494179,
          10.0
        ],
        [
          0.0,
          0.9284769041494179,
          0.37139014319326336,
          -5.0
        ],
        [
          -1.0,
          0.0,
          -0.0,
          0.0
        ],
        [
          0.0,
          0.0,
          0.0,
          1.0
        ]
      ]
    },
    {
      "file_path": "images/Camera_L3_H01_0049.jpg",
      "sharpness": 50.0,
      "transform_matrix": [
        [
          -0.5000000804925339,
          0.32163428637897573,
          -0.8040841407047818,
          8.660254
        ],
        [
          3.560601486152226e-07,
          0.928476516345025,
          0.3713911127042214,
          -5.0
        ],
        [
          -0.8660253573119747,
          -0.1856952999440037,
          0.4642384474290918,
          -5.0
        ],
        [
          0.0,
          0.0,
          0.0,
          1.0
        ]
      ]
    },
    {
      "file_path": "images/Camera_L3_H02_0050.jpg",
      "sharpness": 50.0,
      "transform_matrix": [
        [
          -0.866025348646968,
          0.18569611290666324,
          -0.4642381384077077,
          5.0
        ],
        [
          6.254579855424769e-07,
          0.92847650181241,
          0.37139114903535136,
          -5.0
        ],
        [
          -0.500000095500498,
          -0.3216338589662872,
          0.8040843023377263,
          -8.660254
        ],
        [
          0.0,
          0.0,
          0.0,
          1.0
        ]
      ]
    },
    {
      "file_path": "images/Camera_L3_H03_0051.jpg",
      "sharpness": 50.0,
      "transform_matrix": [
        [
          -1.0000000000000002,
          0.0,
          -0.0,
          0.0
        ],
        [
          0.0,
          0.9284762873026846,
          0.3713916853089508,
          -5.0
        ],
        [
          -0.0,
          -0.3713916853089508,
          0.9284762873026848,
          -10.0
        ],
        [
          0.0,
          0.0,
          0.0,
          1.0
        ]
      ]
    },
    {
      "file_path": "images/Camera_L3_H04_0052.jpg",
      "sharpness": 50.0,
      "transform_matrix": [
        [
          -0.866025348646968,
          -0.18569611290666324,
          0.4642381384077077,
          -5.0
        ],
        [
          -6.254579855424769e-07,
          0.92847650181241,
          0.37139114903535136,
          -5.0
        ],
        [
          0.500000095500498,
          -0.3216338589662872,
          0.8040843023377263,
          -8.660254
        ],
        [
          0.0,
          0.0,
          0.0,
          1.0
        ]
      ]
    },
    {
      "file_path": "images/Camera_L3_H05_0053.jpg",
      "sharpness": 50.0,
      "transform_matrix": [
        [
          -0.5000000804925339,
          -0.32163428637897573,
          0.8040841407047818,
          -8.660254
        ],
        [
          -3.560601486152226e-07,
          0.928476516345025,
          0.3713911127042214,
          -5.0
        ],
        [
          0.8660253573119747,
          -0.1856952999440037,
          0.4642384474290918,
          -5.0
        ],
        [
          0.0,
          0.0,
          0.0,
          1.0
        ]
      ]
    },
    {
      "file_path": "images/Camera_L3_H06_0054.jpg",
      "sharpness": 50.0,
      "transform_matrix": [
        [
          1.3877787807814457e-17,
          -0.37139014319326336,
          0.9284769041494179,
          -10.0
        ],
        [
          0.0,
          0.9284769041494179,
          0.37139014319326336,
          -5.0
        ],
        [
          1.0,
          0.0,
          -0.0,
          1e-06
        ],
        [
          0.0,
          0.0,
          0.0,
          1.0
        ]
      ]
    },
    {
      "file_path": "images/Camera_L3_H07_0055.jpg",
      "sharpness": 50.0,
      "transform_matrix": [
        [
          0.5000000804925334,
          -0.32163428637897573,
          0.8040841407047818,
          -8.660254
        ],
        [
          3.560601486152226e-07,
          0.928476516345025,
          0.3713911127042214,
          -5.0
        ],
        [
          0.8660253573119747,
          0.1856952999440037,
          -0.4642384474290914,
          5.0
        ],
        [
          0.0,
          0.0,
          0.0,
          1.0
        ]
      ]
    },
    {
      "file_path": "images/Camera_L3_H08_0056.jpg",
      "sharpness": 50.0,
      "transform_matrix": [
        [
          0.8660253486469677,
          -0.18569611290666324,
          0.4642381384077077,
          -4.999999
        ],
        [
          6.254579855424769e-07,
          0.92847650181241,
          0.37139114903535136,
          -5.0
        ],
        [
          0.500000095500498,
          0.3216338589662872,
          -0.804084302337726,
          8.660254
        ],
        [
          0.0,
          0.0,
          0.0,
          1.0
        ]
      ]
    },
    {
      "file_path": "images/Camera_L3_H09_0057.jpg",
      "sharpness": 50.0,
      "transform_matrix": [
        [
          1.0,
          0.0,
          -0.0,
          0.0
        ],
        [
          0.0,
          0.9284762873026846,
          0.3713916853089508,
          -5.0
        ],
        [
          0.0,
          0.3713916853089508,
          -0.9284762873026846,
          10.0
        ],
        [
          0.0,
          0.0,
          0.0,
          1.0
        ]
      ]
    },
    {
      "file_path": "images/Camera_L3_H10_0058.jpg",
      "sharpness": 50.0,
      "transform_matrix": [
        [
          0.8660253486469677,
          0.18569611290666324,
          -0.4642381384077077,
          4.999999
        ],
        [
          -6.254579855424769e-07,
          0.92847650181241,
          0.37139114903535136,
          -5.0
        ],
        [
          -0.500000095500498,
          0.3216338589662872,
          -0.804084302337726,
          8.660254
        ],
        [
          0.0,
          0.0,
          0.0,
          1.0
        ]
      ]
    },
    {
      "file_path": "images/Camera_L3_H11_0059.jpg",
      "sharpness": 50.0,
      "transform_matrix": [
        [
          0.5000000804925334,
          0.32163428637897573,
          -0.8040841407047818,
          8.660254
        ],
        [
          -3.560601486152226e-07,
          0.928476516345025,
          0.3713911127042214,
          -5.0
        ],
        [
          -0.8660253573119747,
          0.1856952999440037,
          -0.4642384474290914,
          5.000002
        ],
        [
          0.0,
          0.0,
          0.0,
          1.0
        ]
      ]
    },
    {
      "file_path": "images/Camera_L4_H00_0060.jpg",
      "sharpness": 50.0,
      "transform_matrix": [
        [
          -2.8449465006019636e-16,
          0.44721394634705064,
          -0.8944270155762838,
          10.0
        ],
        [
          0.0,
          0.8944270155762835,
          0.44721394634705064,
          -6.0
        ],
        [
          -1.0000000000000002,
          0.0,
          3.3306690738754696e-16,
          0.0
        ],
        [
          0.0,
          0.0,
          0.0,
          1.0
        ]
      ]
    },
    {
      "file_path": "images/Camera_L4_H01_0061.jpg",
      "sharpness": 50.0,
      "transform_matrix": [
        [
          -0.5877846448845996,
          0.3618038342848516,
          -0.723607073441564,
          8.09017
        ],
        [
          8.036401879518706e-07,
          0.8944273049940247,
          0.44721336751094565,
          -6.0
        ],
        [
          -0.809017435681852,
          -0.2628645688903426,
          0.5257309266011035,
          -5.877852
        ],
        [
          0.0,
          0.0,
          0.0,
          1.0
        ]
      ]
    },
    {
      "file_path": "images/Camera_L4_H02_0062.jpg",
      "sharpness": 50.0,
      "transform_matrix": [
        [
          -0.951056391693391,
          0.138196074406861,
          -0.27639389435673567,
          3.09017
        ],
        [
          -5.635056815750383e-07,
          0.8944275451392932,
          0.44721288722014707,
          -6.0
        ],
        [
          -0.30901737785896677,
          -0.42532483058790593,
          0.8506509558370808,
          -9.510566
        ],
        [
          0.0,
          0.0,
          0.0,
          1.0
        ]
      ]
    },
    {
      "file_path": "images/Camera_L4_H03_0063.jpg",
      "sharpness": 50.0,
      "transform_matrix": [
        [
          -0.951056391693391,
          -0.138196074406861,
          0.27639389435673567,
          -3.090169
        ],
        [
          5.635056815750383e-07,
          0.8944275451392932,
          0.44721288722014707,
          -6.0
        ],
        [
          0.30901737785896677,
          -0.42532483058790593,
          0.8506509558370808,
          -9.510566
        ],
        [
          0.0,
          0.0,
          0.0,
          1.0
        ]
      ]
    },
    {
      "file_path": "images/Camera_L4_H04_0064.jpg",
      "sharpness": 50.0,
      "transform_matrix": [
        [
          -0.5877846448845996,
          -0.3618038342848516,
          0.723607073441564,
          -8.090171
        ],
        [
          -8.036401879518706e-07,
          0.8944273049940247,
          0.44721336751094565,
          -6.0
        ],
        [
          0.809017435681852,
          -0.2628645688903426,
          0.5257309266011035,
          -5.877852
        ],
        [
          0.0,
          0.0,
          0.0,
          1.0
        ]
      ]
    },
    {
      "file_path": "images/Camera_L4_H05_0065.jpg",
      "sharpness": 50.0,
      "transform_matrix": [
        [
          -2.8449465006019636e-16,
          -0.44721394634705064,
          0.8944270155762838,
          -10.0
        ],
        [
          0.0,
          0.8944270155762835,
          0.44721394634705064,
          -6.0
        ],
        [
          1.0000000000000002,
          0.0,
          3.3306690738754696e-16,
          1e-06
        ],
        [
          0.0,
          0.0,
          0.0,
          1.0
        ]
      ]
    },
    {
      "file_path": "images/Camera_L4_H06_0066.jpg",
      "sharpness": 50.0,
      "transform_matrix": [
        [
          0.5877846448845995,
          -0.3618038342848516,
          0.723607073441564,
          -8.090171
        ],
        [
          8.036401879518706e-07,
          0.8944273049940247,
          0.44721336751094565,
          -6.0
        ],
        [
          0.809017435681852,
          0.2628645688903426,
          -0.5257309266011034,
          5.877851
        ],
        [
          0.0,
          0.0,
          0.0,
          1.0
        ]
      ]
    },
    {
      "file_path": "images/Camera_L4_H07_0067.jpg",
      "sharpness": 50.0,
      "transform_matrix": [
        [
          0.9510563916933901,
          -0.13819607440686094,
          0.27639389435673556,
          -3.090171
        ],
        [
          -5.635056815889161e-07,
          0.8944275451392933,
          0.4472128872201469,
          -6.0
        ],
        [
