{
  "camera_angle_x": 1.5968514174537651,
  "fl_x": 935.3074,
  "fl_y": 935.3074,
  "k1": 0.0,
  "k2": 0.0,
  "p1": 0.0,
  "p2": 0.0,
  "cx": 960.0,
  "cy": 540.0,
  "w": 1920,
  "h": 1080,
  "aabb_scale": 32,
  "frames": [
    {
      "file_path": "images/Camera_R0_L0_H00_0000.jpg",
      "sharpness": 50.0,
      "transform_matrix": [
        [
          -4.85722573273506e-17,
          0.0,
          1.0,
          4.0
        ],
        [
          0.24253661633534837,
          0.97014225232004,
          -0.0,
          0.0
        ],
        [
          0.97014225232004,
          -0.24253661633534837,
          -0.0,
          0.0
        ],
        [
          0.0,
          0.0,
          0.0,
          1.0
        ]
      ]
    },
    {
      "file_path": "images/Camera_R0_L0_H01_0001.jpg",
      "sharpness": 50.0,
      "transform_matrix": [
        [
          -0.7071067615193996,
          6.117564796404018e-07,
          0.7071068008534304,
          2.828427
        ],
        [
          0.17149982433106525,
          0.9701422120842403,
          0.17149897546839973,
          0.0
        ],
        [
          0.6859940510441477,
          -0.24253677727701992,
          0.6859942227162824,
          -2.828427
        ],
        [
          0.0,
          0.0,
          0.0,
          1.0
        ]
      ]
    },
    {
      "file_path": "images/Camera_R0_L0_H02_0002.jpg",
      "sharpness": 50.0,
      "transform_matrix": [
        [
          -0.9999999999999998,
          0.0,
          -0.0,
          0.0
        ],
        [
          0.0,
          0.9701426533722486,
          0.24253501212784326,
          0.0
        ],
        [
          -0.0,
          -0.24253501212784326,
          0.9701426533722484,
          -4.0
        ],
        [
          0.0,
          0.0,
          0.0,
          1.0
        ]
      ]
    },
    {
      "file_path": "images/Camera_R0_L0_H03_0003.jpg",
      "sharpness": 50.0,
      "transform_matrix": [
        [
          -0.7071067615193996,
          -6.117564796404018e-07,
          -0.7071068008534304,
          -2.828427
        ],
        [
          -0.17149982433106525,
          0.9701422120842403,
          0.17149897546839973,
          0.0
        ],
        [
          -0.6859940510441477,
          -0.24253677727701992,
          0.6859942227162824,
          -2.828427
        ],
        [
          0.0,
          0.0,
          0.0,
          1.0
        ]
      ]
    },
    {
      "file_path": "images/Camera_R0_L0_H04_0004.jpg",
      "sharpness": 50.0,
      "transform_matrix": [
        [
          -4.85722573273506e-17,
          0.0,
          -1.0,
          -4.0
        ],
        [
          -0.24253661633534837,
          0.97014225232004,
          -0.0,
          0.0
        ],
        [
          -0.97014225232004,
          -0.24253661633534837,
          -0.0,
          0.0
        ],
        [
          0.0,
          0.0,
          0.0,
          1.0
        ]
      ]
    },
    {
      "file_path": "images/Camera_R0_L0_H05_0005.jpg",
      "sharpness": 50.0,
      "transform_matrix": [
        [
          0.7071067615193994,
          6.117564796542796e-07,
          -0.7071068008534306,
          -2.828427
        ],
        [
          -0.1714998243310653,
          0.9701422120842403,
          -0.17149897546839973,
          0.0
        ],
        [
          -0.6859940510441479,
          -0.24253677727701997,
          -0.6859942227162823,
          2.828427
        ],
        [
          0.0,
          0.0,
          0.0,
          1.0
        ]
      ]
    },
    {
      "file_path": "images/Camera_R0_L0_H06_0006.jpg",
      "sharpness": 50.0,
      "transform_matrix": [
        [
          1.0,
          -0.0,
          -0.0,
          0.0
        ],
        [
          0.0,
          0.9701426533722486,
          -0.24253501212784326,
          0.0
        ],
        [
          -0.0,
          -0.24253501212784326,
          -0.9701426533722486,
          4.0
        ],
        [
          0.0,
          0.0,
          0.0,
          1.0
        ]
      ]
    },
    {
      "file_path": "images/Camera_R0_L0_H07_0007.jpg",
      "sharpness": 50.0,
      "transform_matrix": [
        [
          0.7071067615193994,
          -6.117564796542796e-07,
          0.7071068008534306,
          2.828427
        ],
        [
          0.1714998243310653,
          0.9701422120842403,
          -0.17149897546839973,
          0.0
        ],
        [
          0.6859940510441479,
          -0.24253677727701997,
          -0.6859942227162823,
          2.828428
        ],
        [
          0.0,
          0.0,
          0.0,
          1.0
        ]
      ]
    },
    {
      "file_path": "images/Camera_R0_L1_H00_0008.jpg",
      "sharpness": 50.0,
      "transform_matrix": [
        [
          -4.0679265511656126e-16,
          0.0,
          1.0000000000000004,
          4.0
        ],
        [
          -0.1351142501043421,
          0.9908300254931424,
          -0.0,
          -1.545455
        ],
        [
          0.9908300254931428,
          0.1351142501043421,
          4.440892098500626e-16,
          0.0
        ],
        [
          0.0,
          0.0,
          0.0,
          1.0
        ]
      ]
    },
    {
      "file_path": "images/Camera_R0_L1_H01_0009.jpg",
      "sharpness": 50.0,
      "transform_matrix": [
        [
          -0.8660254645088714,
          4.1179994771795014e-07,
          0.4999998948220134,
          2.0
        ],
        [
          -0.06755640412330916,
          0.9908301218641711,
          -0.11701197318462794,
          -1.545455
        ],
        [
          0.4954150049040927,
          0.135113543386525,
          0.8580840887170766,
          -3.464102
        ],
        [
          0.0,
          0.0,
          0.0,
          1.0
        ]
      ]
    },
    {
      "file_path": "images/Camera_R0_L1_H02_0010.jpg",
      "sharpness": 50.0,
      "transform_matrix": [
        [
          -0.8660254645088714,
          -4.1179994771795014e-07,
          -0.4999998948220134,
          -2.0
        ],
        [
          0.06755640412330916,
          0.9908301218641711,
          -0.11701197318462794,
          -1.545455
        ],
        [
          -0.4954150049040927,
          0.135113543386525,
          0.8580840887170766,
          -3.464102
        ],
        [
          0.0,
          0.0,
          0.0,
          1.0
        ]
      ]
    },
    {
      "file_path": "images/Camera_R0_L1_H03_0011.jpg",
      "sharpness": 50.0,
      "transform_matrix": [
        [
          -4.0679265511656126e-16,
          0.0,
          -1.0000000000000004,
          -4.0
        ],
        [
          0.1351142501043421,
          0.9908300254931424,
          -0.0,
          -1.545455
        ],
        [
          -0.9908300254931428,
          0.1351142501043421,
          4.440892098500626e-16,
          0.0
        ],
        [
          0.0,
          0.0,
          0.0,
          1.0
        ]
      ]
    },
    {
      "file_path": "images/Camera_R0_L1_H04_0012.jpg",
      "sharpness": 50.0,
      "transform_matrix": [
        [
          0.8660254645088712,
          4.1179994771795014e-07,
          -0.4999998948220134,
          -2.0
        ],
        [
          0.06755640412330916,
          0.9908301218641711,
          0.11701197318462794,
          -1.545455
        ],
        [
          -0.4954150049040927,
          0.135113543386525,
          -0.8580840887170764,
          3.464102
        ],
        [
          0.0,
          0.0,
          0.0,
          1.0
        ]
      ]
    },
    {
      "file_path": "images/Camera_R0_L1_H05_0013.jpg",
      "sharpness": 50.0,
      "transform_matrix": [
        [
          0.8660254645088712,
          -4.1179994771795014e-07,
          0.4999998948220134,
          2.0
        ],
        [
          -0.06755640412330916,
          0.9908301218641711,
          0.11701197318462794,
          -1.545455
        ],
        [
          0.4954150049040927,
          0.135113543386525,
          -0.8580840887170764,
          3.464102
        ],
        [
          0.0,
          0.0,
          0.0,
          1.0
        ]
      ]
    },
    {
      "file_path": "images/Camera_R0_L2_H00_0014.jpg",
      "sharpness": 50.0,
      "transform_matrix": [
        [
          6.245004513516506e-17,
          0.0,
          0.9999999999999999,
          4.0
        ],
        [
          -0.46325295494585617,
          0.886226099668664,
          -0.0,
          -3.090909
        ],
        [
          0.8862260996686638,
          0.46325295494585617,
          -1.1102230246251565e-16,
          0.0
        ],
        [
          0.0,
          0.0,
          0.0,
          1.0
        ]
      ]
    },
    {
      "file_path": "images/Camera_R0_L2_H01_0015.jpg",
      "sharpness": 50.0,
      "transform_matrix": [
        [
          -1.0000000000000002,
          0.0,
          -0.0,
          0.0
        ],
        [
          0.0,
          0.8862250508949115,
          -0.4632549612970286,
          -3.090909
        ],
        [
          0.0,
          0.4632549612970286,
          0.8862250508949119,
          -4.0
        ],
        [
          0.0,
          0.0,
          0.0,
          1.0
        ]
      ]
    },
    {
      "file_path": "images/Camera_R0_L2_H02_0016.jpg",
      "sharpness": 50.0,
      "transform_matrix": [
        [
          6.245004513516506e-17,
          0.0,
          -0.9999999999999999,
          -4.0
        ],
        [
          0.46325295494585617,
          0.886226099668664,
          -0.0,
          -3.090909
        ],
        [
          -0.8862260996686638,
          0.46325295494585617,
          -1.1102230246251565e-16,
          0.0
        ],
        [
          0.0,
          0.0,
          0.0,
          1.0
        ]
      ]
    },
    {
      "file_path": "images/Camera_R0_L2_H03_0017.jpg",
      "sharpness": 50.0,
      "transform_matrix": [
        [
          1.0,
          0.0,
          -0.0,
          0.0
        ],
        [
          0.0,
          0.8862250508949115,
          0.4632549612970286,
          -3.090909
        ],
        [
          0.0,
          0.4632549612970286,
          -0.8862250508949115,
          4.0
        ],
        [
          0.0,
          0.0,
          0.0,
          1.0
        ]
      ]
    },
    {
      "file_path": "images/Camera_R0_L3_H00_0018.jpg",
      "sharpness": 50.0,
      "transform_matrix": [
        [
          1.3877787807814457e-16,
          0.0,
          0.9999999999999999,
          4.0
        ],
        [
          -0.672672055102432,
          0.7399407451169793,
          -0.0,
          -4.636364
        ],
        [
          0.7399407451169792,
          0.672672055102432,
          -1.1102230246251565e-16,
          0.0
        ],
        [
          0.0,
          0.0,
          0.0,
          1.0
        ]
      ]
    },
    {
      "file_path": "images/Camera_R0_L3_H01_0019.jpg",
      "sharpness": 50.0,
      "transform_matrix": [
        [
          -1.0,
          0.0,
          -0.0,
          0.0
        ],
        [
          0.0,
          0.7399397438938562,
          -0.6726731564484304,
          -4.636364
        ],
        [
          0.0,
          0.6726731564484304,
          0.7399397438938562,
          -4.0
        ],
        [
          0.0,
          0.0,
          0.0,
          1.0
        ]
      ]
    },
    {
      "file_path": "images/Camera_R0_L3_H02_0020.jpg",
      "sharpness": 50.0,
      "transform_matrix": [
        [
          1.3877787807814457e-16,
          0.0,
          -0.9999999999999999,
          -4.0
        ],
        [
          0.672672055102432,
          0.7399407451169793,
          -0.0,
          -4.636364
        ],
        [
          -0.7399407451169792,
          0.672672055102432,
          -1.1102230246251565e-16,
          0.0
        ],
        [
          0.0,
          0.0,
          0.0,
          1.0
        ]
      ]
    },
    {
      "file_path": "images/Camera_R0_L3_H03_0021.jpg",
      "sharpness": 50.0,
      "transform_matrix": [
        [
          1.0,
          0.0,
          -0.0,
          0.0
        ],
        [
          0.0,
          0.7399397438938562,
          0.6726731564484304,
          -4.636364
        ],
        [
          0.0,
          0.6726731564484304,
          -0.7399397438938562,
          4.0
        ],
        [
          0.0,
          0.0,
          0.0,
          1.0
        ]
      ]
    },
    {
      "file_path": "images/Camera_R0_L4_H00_0022.jpg",
      "sharpness": 50.0,
      "transform_matrix": [
        [
          0.0,
          0.0,
          1.0,
          4.0
        ],
        [
          -0.7915898044034512,
          0.6110528467853709,
          -0.0,
          -6.181818
        ],
        [
          0.6110528467853709,
          0.7915898044034512,
          -0.0,
          0.0
        ],
        [
          0.0,
          0.0,
          0.0,
          1.0
        ]
      ]
    },
    {
      "file_path": "images/Camera_R0_L4_H01_0023.jpg",
      "sharpness": 50.0,
      "transform_matrix": [
        [
          -1.0000000000000002,
          0.0,
          -0.0,
          0.0
        ],
        [
          0.0,
          0.6110520882181327,
          -0.7915903899645697,
          -6.181818
        ],
        [
          0.0,
          0.7915903899645697,
          0.611052088218133,
          -4.0
        ],
        [
          0.0,
          0.0,
          0.0,
          1.0
        ]
      ]
    },
    {
      "file_path": "images/Camera_R0_L4_H02_0024.jpg",
      "sharpness": 50.0,
      "transform_matrix": [
        [
          6.236571672146862e-07,
          1.2692723404539308e-06,
          -0.9999999999990001,
          -4.0
        ],
        [
          0.7915905799951366,
          0.6110518420407162,
          1.2692723404539308e-06,
          -6.181818
        ],
        [
          -0.6110518420417161,
          0.7915905799951366,
          6.236571673534641e-07,
          0.0
        ],
        [
          0.0,
          0.0,
          0.0,
          1.0
        ]
      ]
    },
    {
      "file_path": "images/Camera_R0_L4_H03_0025.jpg",
      "sharpness": 50.0,
      "transform_matrix": [
        [
          1.0,
          0.0,
          -0.0,
          0.0
        ],
        [
          0.0,
          0.6110520882181327,
          0.7915903899645697,
          -6.181818
        ],
        [
          0.0,
          0.7915903899645697,
          -0.6110520882181327,
          4.0
        ],
        [
          0.0,
          0.0,
          0.0,
          1.0
        ]
      ]
    },
    {
      "file_path": "images/Camera_R0_L5_H00_0026.jpg",
      "sharpness": 50.0,
      "transform_matrix": [
        [
          -8.326672684688674e-17,
          0.0,
          1.0,
          4.0
        ],
        [
          -0.8595362632330085,
          0.5110747618376752,
          -0.0,
          -7.727273
        ],
        [
          0.5110747618376753,
          0.8595362632330085,
          1.1102230246251565e-16,
          0.0
        ],
        [
          0.0,
          0.0,
          0.0,
          1.0
        ]
      ]
    },
    {
      "file_path": "images/Camera_R0_L5_H01_0027.jpg",
      "sharpness": 50.0,
      "transform_matrix": [
        [
          -1.0000000000000004,
          0.0,
          -0.0,
          0.0
        ],
        [
          0.0,
          0.511076073611914,
          -0.8595354832590855,
          -7.727273
        ],
        [
          0.0,
          0.8595354832590855,
          0.5110760736119144,
          -4.0
        ],
        [
          0.0,
          0.0,
          0.0,
          1.0
        ]
      ]
    },
    {
      "file_path": "images/Camera_R0_L5_H02_0028.jpg",
      "sharpness": 50.0,
      "transform_matrix": [
        [
          -8.326672684688674e-17,
          0.0,
          -1.0,
          -4.0
        ],
        [
          0.8595362632330085,
          0.5110747618376752,
          -0.0,
          -7.727273
        ],
        [
          -0.5110747618376753,
          0.8595362632330085,
          1.1102230246251565e-16,
          0.0
        ],
        [
          0.0,
          0.0,
          0.0,
          1.0
        ]
      ]
    },
    {
      "file_path": "images/Camera_R0_L5_H03_0029.jpg",
      "sharpness": 50.0,
      "transform_matrix": [
        [
          1.0,
          0.0,
          -0.0,
          0.0
        ],
        [
          0.0,
          0.511076073611914,
          0.8595354832590855,
          -7.727273
        ],
        [
          0.0,
          0.8595354832590855,
          -0.511076073611914,
          4.0
        ],
        [
          0.0,
          0.0,
          0.0,
          1.0
        ]
      ]
    },
    {
      "file_path": "images/Camera_R0_L6_H00_0030.jpg",
      "sharpness": 50.0,
      "transform_matrix": [
        [
          -1.1102230246251565e-16,
          0.0,
          1.0,
          4.0
        ],
        [
          -0.9002841834164029,
          0.4353026408032241,
          -0.0,
          -9.272728
        ],
        [
          0.43530264080322423,
          0.9002841834164029,
          1.1102230246251565e-16,
          0.0
        ],
        [
          0.0,
          0.0,
          0.0,
          1.0
        ]
      ]
    },
    {
      "file_path": "images/Camera_R0_L6_H01_0031.jpg",
      "sharpness": 50.0,
      "transform_matrix": [
        [
          -0.9999999999999998,
          0.0,
          -0.0,
          0.0
        ],
        [
          0.0,
          0.43530248804804383,
          -0.900284257276102,
          -9.272728
        ],
        [
          0.0,
          0.900284257276102,
          0.4353024880480436,
          -4.0
        ],
        [
          0.0,
          0.0,
          0.0,
          1.0
        ]
      ]
    },
    {
      "file_path": "images/Camera_R0_L6_H02_0032.jpg",
      "sharpness": 50.0,
      "transform_matrix": [
        [
          -1.1102230246251565e-16,
          0.0,
          -1.0,
          -4.0
        ],
        [
          0.9002841834164029,
          0.4353026408032241,
          -0.0,
          -9.272728
        ],
        [
          -0.43530264080322423,
          0.9002841834164029,
          1.1102230246251565e-16,
          0.0
        ],
        [
          0.0,
          0.0,
          0.0,
          1.0
        ]
      ]
    },
    {
      "file_path": "images/Camera_R0_L6_H03_0033.jpg",
      "sharpness": 50.0,
      "transform_matrix": [
        [
          1.0,
          0.0,
          -0.0,
          0.0
        ],
        [
          0.0,
          0.43530248804804383,
          0.900284257276102,
          -9.272728
        ],
        [
          0.0,
          0.900284257276102,
          -0.43530248804804383,
          4.0
        ],
        [
          0.0,
          0.0,
          0.0,
          1.0
        ]
      ]
    },
    {
      "file_path": "images/Camera_R0_L7_H00_0034.jpg",
      "sharpness": 50.0,
      "transform_matrix": [
        [
          1.1102230246251565e-16,
          0.0,
          0.9999999999999999,
          4.0
        ],
        [
          -0.926092306588953,
          0.37729701784768,
          -0.0,
          -10.81818
        ],
        [
          0.3772970178476799,
          0.926092306588953,
          -1.1102230246251565e-16,
          0.0
        ],
        [
          0.0,
          0.0,
          0.0,
          1.0
        ]
      ]
    },
    {
      "file_path": "images/Camera_R0_L7_H01_0035.jpg",
      "sharpness": 50.0,
      "transform_matrix": [
        [
          -1.0000000000000009,
          0.0,
          -0.0,
          0.0
        ],
        [
          0.0,
          0.3772972285873414,
          -0.9260922207319917,
          -10.81818
        ],
        [
          0.0,
          0.9260922207319917,
          0.3772972285873424,
          -4.0
        ],
        [
          0.0,
          0.0,
          0.0,
          1.0
        ]
      ]
    },
    {
      "file_path": "images/Camera_R0_L7_H02_0036.jpg",
      "sharpness": 50.0,
      "transform_matrix": [
        [
          1.1102230246251565e-16,
          0.0,
          -0.9999999999999999,
          -4.0
        ],
        [
          0.926092306588953,
          0.37729701784768,
          -0.0,
          -10.81818
        ],
        [
          -0.3772970178476799,
          0.926092306588953,
          -1.1102230246251565e-16,
          0.0
        ],
        [
          0.0,
          0.0,
          0.0,
          1.0
        ]
      ]
    },
    {
      "file_path": "images/Camera_R0_L7_H03_0037.jpg",
      "sharpness": 50.0,
      "transform_matrix": [
        [
          1.0,
          0.0,
          -0.0,
          0.0
        ],
        [
          0.0,
          0.3772972285873414,
          0.9260922207319917,
          -10.81818
        ],
        [
          0.0,
          0.9260922207319917,
          -0.3772972285873414,
          4.0
        ],
        [
          0.0,
          0.0,
          0.0,
          1.0
        ]
      ]
    },
    {
      "file_path": "images/Camera_R0_L8_H00_0038.jpg",
      "sharpness": 50.0,
      "transform_matrix": [
        [
          1.1102230246251565e-16,
          0.0,
          0.9999999999999999,
          4.0
        ],
        [
          -0.9432687161846638,
          0.3320303134765499,
          -0.0,
          -12.36364
        ],
        [
          0.33203031347654977,
          0.9432687161846638,
          -1.1102230246251565e-16,
          0.0
        ],
        [
          0.0,
          0.0,
          0.0,
          1.0
        ]
      ]
    },
    {
      "file_path": "images/Camera_R0_L8_H01_0039.jpg",
      "sharpness": 50.0,
      "transform_matrix": [
        [
          -0.9999999999999998,
          0.0,
          -0.0,
          0.0
        ],
        [
          0.0,
          0.3320311759072585,
          -0.9432684126088624,
          -12.36364
        ],
        [
          0.0,
          0.9432684126088624,
          0.3320311759072583,
          -4.0
        ],
        [
          0.0,
          0.0,
          0.0,
          1.0
        ]
      ]
    },
    {
      "file_path": "images/Camera_R0_L8_H02_0040.jpg",
      "sharpness": 50.0,
      "transform_matrix": [
        [
          1.1102230246251565e-16,
          0.0,
          -0.9999999999999999,
          -4.0
        ],
        [
          0.9432687161846638,
          0.3320303134765499,
          -0.0,
          -12.36364
        ],
        [
          -0.33203031347654977,
          0.9432687161846638,
          -1.1102230246251565e-16,
          0.0
        ],
        [
          0.0,
          0.0,
          0.0,
          1.0
        ]
      ]
    },
    {
      "file_path": "images/Camera_R0_L8_H03_0041.jpg",
      "sharpness": 50.0,
      "transform_matrix": [
        [
          1.0,
          0.0,
          -0.0,
          0.0
        ],
        [
          0.0,
          0.3320311759072585,
          0.9432684126088624,
          -12.36364
        ],
        [
          0.0,
          0.9432684126088624,
          -0.3320311759072585,
          4.0
        ],
        [
          0.0,
          0.0,
          0.0,
          1.0
        ]
      ]
    },
    {
      "file_path": "images/Camera_R0_L9_H00_0042.jpg",
      "sharpness": 50.0,
      "transform_matrix": [
        [
          2.220446049250313e-16,
          0.0,
          0.9999999999999998,
          4.0
        ],
        [
          -0.9551954404953438,
          0.29597579370094773,
          -0.0,
          -13.90909
        ],
        [
          0.2959757937009475,
          0.9551954404953438,
          -2.220446049250313e-16,
          0.0
        ],
        [
          0.0,
          0.0,
          0.0,
          1.0
        ]
      ]
    },
    {
      "file_path": "images/Camera_R0_L9_H01_0043.jpg",
      "sharpness": 50.0,
      "transform_matrix": [
        [
          -1.0,
          0.0,
          -0.0,
          0.0
        ],
        [
          0.0,
          0.29597596676368343,
          -0.9551953868703005,
          -13.90909
        ],
        [
          0.0,
          0.9551953868703005,
          0.29597596676368343,
          -4.0
        ],
        [
          0.0,
          0.0,
          0.0,
          1.0
        ]
      ]
    },
    {
      "file_path": "images/Camera_R0_L9_H02_0044.jpg",
      "sharpness": 50.0,
      "transform_matrix": [
        [
          2.220446049250313e-16,
          0.0,
          -0.9999999999999998,
          -4.0
        ],
        [
          0.9551954404953438,
          0.29597579370094773,
          -0.0,
          -13.90909
        ],
        [
          -0.2959757937009475,
          0.9551954404953438,
          -2.220446049250313e-16,
          0.0
        ],
        [
          0.0,
          0.0,
          0.0,
          1.0
        ]
      ]
    },
    {
      "file_path": "images/Camera_R0_L9_H03_0045.jpg",
      "sharpness": 50.0,
      "transform_matrix": [
        [
          1.0,
          0.0,
          -0.0,
          0.0
        ],
        [
          0.0,
          0.29597596676368343,
          0.9551953868703005,
          -13.90909
        ],
        [
          0.0,
          0.9551953868703005,
          -0.29597596676368343,
          4.0
        ],
        [
          0.0,
          0.0,
          0.0,
          1.0
        ]
      ]
    },
    {
      "file_path": "images/Camera_R0_L10_H00_0046.jpg",
      "sharpness": 50.0,
      "transform_matrix": [
        [
          -5.551115123125783e-17,
          0.0,
          1.0,
          4.0
        ],
        [
          -0.9637780521569854,
          0.2667055795825935,
          -0.0,
          -15.45455
        ],
        [
          0.2667055795825936,
          0.9637780521569854,
          1.1102230246251565e-16,
          0.0
        ],
        [
          0.0,
          0.0,
          0.0,
          1.0
        ]
      ]
    },
    {
      "file_path": "images/Camera_R0_L10_H01_0047.jpg",
      "sharpness": 50.0,
      "transform_matrix": [
        [
          -0.9999999999999997,
          0.0,
          -0.0,
          0.0
        ],
        [
          0.0,
          0.26670599596171296,
          -0.9637779369326062,
          -15.45455
        ],
        [
          0.0,
          0.9637779369326062,
          0.2667059959617126,
          -4.0
        ],
        [
          0.0,
          0.0,
          0.0,
          1.0
        ]
      ]
    },
    {
      "file_path": "images/Camera_R0_L10_H02_0048.jpg",
      "sharpness": 50.0,
      "transform_matrix": [
        [
          -5.551115123125783e-17,
          0.0,
          -1.0,
          -4.0
        ],
        [
          0.9637780521569854,
          0.2667055795825935,
          -0.0,
          -15.45455
        ],
        [
          -0.2667055795825936,
          0.9637780521569854,
          1.1102230246251565e-16,
          0.0
        ],
        [
          0.0,
          0.0,
          0.0,
          1.0
        ]
      ]
    },
    {
      "file_path": "images/Camera_R0_L10_H03_0049.jpg",
      "sharpness": 50.0,
      "transform_matrix": [
        [
          1.0,
          0.0,
          -0.0,
          0.0
        ],
        [
          0.0,
          0.26670599596171296,
          0.9637779369326062,
          -15.45455
        ],
        [
          0.0,
          0.9637779369326062,
          -0.26670599596171296,
          4.0
        ],
        [
          0.0,
          0.0,
          0.0,
          1.0
        ]
      ]
    },
    {
      "file_path": "images/Camera_R0_L11_H00_0050.jpg",
      "sharpness": 50.0,
      "transform_matrix": [
        [
          -1.6653345369377348e-16,
          0.0,
          1.0000000000000002,
          4.0
        ],
        [
          -0.9701425941048986,
          0.24253524919775765,
          -0.0,
          -17.0
        ],
        [
          0.24253524919775776,
          0.9701425941048986,
          1.1102230246251565e-16,
          0.0
        ],
        [
          0.0,
          0.0,
          0.0,
          1.0
        ]
      ]
    },
    {
      "file_path": "images/Camera_R0_L11_H01_0051.jpg",
      "sharpness": 50.0,
      "transform_matrix": [
        [
          -0.9999999999999997,
          0.0,
          -0.0,
          0.0
        ],
        [
          0.0,
          0.2425354222606061,
          -0.970142550839241,
          -17.0
        ],
        [
          0.0,
          0.970142550839241,
          0.24253542226060576,
          -4.0
        ],
        [
          0.0,
          0.0,
          0.0,
          1.0
        ]
      ]
    },
    {
      "file_path": "images/Camera_R0_L11_H02_0052.jpg",
      "sharpness": 50.0,
      "transform_matrix": [
        [
          1.1146910609549643e-06,
          -8.703240476082286e-07,
          -0.9999999999989999,
          -4.0
        ],
        [
          0.9701423830196685,
          0.24253609353694433,
          8.703240476082286e-07,
          -17.0
        ],
        [
          -0.24253609353594435,
          0.9701423830196685,
          -1.1146910608994531e-06,
          0.0
        ],
        [
          0.0,
          0.0,
          0.0,
          1.0
        ]
      ]
    },
    {
      "file_path": "images/Camera_R0_L11_H03_0053.jpg",
      "sharpness": 50.0,
      "transform_matrix": [
        [
          1.0,
          0.0,
          -0.0,
          0.0
        ],
        [
          0.0,
          0.2425354222606061,
          0.970142550839241,
          -17.0
        ],
        [
          0.0,
          0.970142550839241,
          -0.2425354222606061,
          4.0
        ],
        [
          0.0,
          0.0,
          0.0,
          1.0
        ]
      ]
    },
    {
      "file_path": "images/Camera_R1_L0_H00_0054.jpg",
      "sharpness": 50.0,
      "transform_matrix": [
        [
          1.231653667943533e-16,
          0.0,
          0.9999999999999999,
          8.0
        ],
        [
          0.12403534164555166,
          0.9922778008314361,
          -0.0,
          0.0
        ],
        [
          0.992277800831436,
          -0.12403534164555166,
          -1.1102230246251565e-16,
          0.0
        ],
        [
          0.0,
          0.0,
          0.0,
          1.0
        ]
      ]
    },
    {
      "file_path": "images/Camera_R1_L0_H01_0055.jpg",
      "sharpness": 50.0,
      "transform_matrix": [
        [
          -0.49999978556109287,
          7.129196901572987e-08,
          0.8660255275907606,
          6.928203
        ],
        [
          0.10741809115568812,
          0.9922777598975527,
          0.062017746695303896,
          0.0
        ],
        [
          0.859337866110489,
          -0.12403566911453139,
          0.4961386748238652,
          -4.0
        ],
        [
          0.0,
          0.0,
          0.0,
          1.0
        ]
      ]
    },
    {
      "file_path": "images/Camera_R1_L0_H02_0056.jpg",
      "sharpness": 50.0,
      "transform_matrix": [
        [
          -0.8660252590198662,
          -6.190843142711566e-07,
          0.5000002507391273,
          4.0
        ],
        [
          0.06201663791775397,
          0.9922779338320167,
          0.1074171245725846,
          0.0
        ],
        [
          0.4961392822191684,
          -0.12403427764001648,
          0.8593377162730421,
          -6.928204
        ],
        [
          0.0,
          0.0,
          0.0,
          1.0
        ]
      ]
    },
    {
      "file_path": "images/Camera_R1_L0_H03_0057.jpg",
      "sharpness": 50.0,
      "transform_matrix": [
        [
          -0.9999999999999996,
          0.0,
          -0.0,
          0.0
        ],
        [
          0.0,
          0.9922779921715985,
          0.12403381092226842,
          0.0
        ],
        [
          -0.0,
          -0.12403381092226842,
          0.9922779921715981,
          -8.0
        ],
        [
          0.0,
          0.0,
          0.0,
          1.0
        ]
      ]
    },
    {
      "file_path": "images/Camera_R1_L0_H04_0058.jpg",
      "sharpness": 50.0,
      "transform_matrix": [
        [
          -0.8660252590198662,
          6.190843142711566e-07,
          -0.5000002507391273,
          -4.0
        ],
        [
          -0.06201663791775397,
          0.9922779338320167,
          0.1074171245725846,
          0.0
        ],
        [
          -0.4961392822191684,
          -0.12403427764001648,
          0.8593377162730421,
          -6.928203
        ],
        [
          0.0,
          0.0,
          0.0,
          1.0
        ]
      ]
    },
    {
      "file_path": "images/Camera_R1_L0_H05_0059.jpg",
      "sharpness": 50.0,
      "transform_matrix": [
        [
          -0.49999978556109287,
          -7.129196901572987e-08,
          -0.8660255275907606,
          -6.928203
        ],
        [
          -0.10741809115568812,
          0.9922777598975527,
          0.062017746695303896,
          0.0
        ],
        [
          -0.859337866110489,
          -0.12403566911453139,
          0.4961386748238652,
          -4.0
        ],
        [
          0.0,
          0.0,
          0.0,
          1.0
        ]
      ]
    },
    {
      "file_path": "images/Camera_R1_L0_H06_0060.jpg",
      "sharpness": 50.0,
      "transform_matrix": [
        [
          1.231653667943533e-16,
          0.0,
          -0.9999999999999999,
          -8.0
        ],
        [
          -0.12403534164555166,
          0.9922778008314361,
          -0.0,
          0.0
        ],
        [
          -0.992277800831436,
          -0.12403534164555166,
          -1.1102230246251565e-16,
          1e-06
        ],
        [
          0.0,
          0.0,
          0.0,
          1.0
        ]
      ]
    },
    {
      "file_path": "images/Camera_R1_L0_H07_0061.jpg",
      "sharpness": 50.0,
      "transform_matrix": [
        [
          0.49999978556109337,
          7.129196901572987e-08,
          -0.8660255275907606,
          -6.928203
        ],
        [
          -0.10741809115568812,
          0.9922777598975527,
          -0.062017746695303896,
          0.0
        ],
        [
          -0.859337866110489,
          -0.12403566911453139,
          -0.4961386748238657,
          4.0
        ],
        [
          0.0,
          0.0,
          0.0,
          1.0
        ]
      ]
    },
    {
      "file_path": "images/Camera_R1_L0_H08_0062.jpg",
      "sharpness": 50.0,
      "transform_matrix": [
        [
          0.8660252590198663,
          -6.190843142711566e-07,
          -0.5000002507391273,
          -3.999999
        ],
        [
          -0.06201663791775397,
          0.9922779338320167,
          -0.1074171245725846,
          0.0
        ],
        [
          -0.4961392822191684,
          -0.12403427764001648,
          -0.8593377162730422,
          6.928204
        ],
        [
          0.0,
          0.0,
          0.0,
          1.0
        ]
      ]
    },
    {
      "file_path": "images/Camera_R1_L0_H09_0063.jpg",
      "sharpness": 50.0,
      "transform_matrix": [
        [
          1.0,
          -0.0,
          -0.0,
          0.0
        ],
        [
          0.0,
          0.9922779921715985,
          -0.12403381092226842,
          0.0
        ],
        [
          -0.0,
          -0.12403381092226842,
          -0.9922779921715985,
          8.0
        ],
        [
          0.0,
          0.0,
          0.0,
          1.0
        ]
      ]
    },
    {
      "file_path": "images/Camera_R1_L0_H10_0064.jpg",
      "sharpness": 50.0,
      "transform_matrix": [
        [
          0.8660252590198663,
          6.190843142711566e-07,
          0.5000002507391273,
          3.999999
        ],
        [
          0.06201663791775397,
          0.9922779338320167,
          -0.1074171245725846,
          0.0
        ],
        [
          0.4961392822191684,
          -0.12403427764001648,
          -0.8593377162730422,
          6.928204
        ],
        [
          0.0,
          0.0,
          0.0,
          1.0
        ]
      ]
    },
    {
      "file_path": "images/Camera_R1_L0_H11_0065.jpg",
      "sharpness": 50.0,
      "transform_matrix": [
        [
          0.49999978556109337,
          -7.129196901572987e-08,
          0.8660255275907606,
          6.928203
        ],
        [
          0.10741809115568812,
          0.9922777598975527,
          -0.062017746695303896,
          0.0
        ],
        [
          0.859337866110489,
          -0.12403566911453139,
          -0.4961386748238657,
          4.000001
        ],
        [
          0.0,
          0.0,
          0.0,
          1.0
        ]
      ]
    },
    {
      "file_path": "images/Camera_R1_L1_H00_0066.jpg",
      "sharpness": 50.0,
      "transform_matrix": [
        [
          3.391384395534658e-16,
          0.0,
          0.9999999999999997,
          8.0
        ],
        [
          -0.06802386372200184,
          0.9976836943462244,
          -0.0,
          -1.545455
        ],
        [
          0.9976836943462241,
          0.06802386372200184,
          -3.3306690738754696e-16,
          0.0
        ],
        [
          0.0,
          0.0,
          0.0,
          1.0
        ]
      ]
    },
    {
      "file_path": "images/Camera_R1_L1_H01_0067.jpg",
      "sharpness": 50.0,
      "transform_matrix": [
        [
          -0.5877842606379853,
          -2.601680873445811e-07,
          0.8090177148531355,
          6.472136
        ],
        [
          -0.055032040308016957,
          0.9976837468543597,
          -0.039982693783469754,
          -1.545455
        ],
        [
          0.8071438146240071,
          0.06802309359752925,
          0.5864228178129053,
          -4.702282
        ],
        [
          0.0,
          0.0,
          0.0,
          1.0
        ]
      ]
    },
    {
      "file_path": "images/Camera_R1_L1_H02_0068.jpg",
      "sharpness": 50.0,
      "transform_matrix": [
        [
          -0.9510563989016011,
          -4.2942416209057477e-07,
          0.3090173556746181,
          2.472136
        ],
        [
          -0.02102120084672553,
          0.9976836416356605,
          -0.06469513372401925,
          -1.545455
        ],
        [
          0.3083015329564215,
          0.06802463680478346,
          0.9488534204840583,
          -7.608452
        ],
        [
          0.0,
          0.0,
          0.0,
          1.0
        ]
      ]
    },
    {
      "file_path": "images/Camera_R1_L1_H03_0069.jpg",
      "sharpness": 50.0,
      "transform_matrix": [
        [
          -0.9510563989016011,
          4.2942416209057477e-07,
          -0.3090173556746181,
          -2.472136
        ],
        [
          0.02102120084672553,
          0.9976836416356605,
          -0.06469513372401925,
          -1.545455
        ],
        [
          -0.3083015329564215,
          0.06802463680478346,
          0.9488534204840583,
          -7.608452
        ],
        [
          0.0,
          0.0,
          0.0,
          1.0
        ]
      ]
    },
    {
      "file_path": "images/Camera_R1_L1_H04_0070.jpg",
      "sharpness": 50.0,
      "transform_matrix": [
        [
          -0.5877842606379853,
          2.601680873445811e-07,
          -0.8090177148531355,
          -6.472136
        ],
        [
          0.055032040308016957,
          0.9976837468543597,
          -0.039982693783469754,
          -1.545455
        ],
        [
          -0.8071438146240071,
          0.06802309359752925,
          0.5864228178129053,
          -4.702281
