{
    "cameras": [
        {
            "captureId": 0,
            "imageName": "Auto_20250803_102649_300_0000",
            "position": {
                "x": -0.9200000166893005,
                "y": 1.6799999475479127,
                "z": 0.4321032464504242
            },
            "rotation": {
                "x": 0.4324934482574463,
                "y": 0.25712665915489199,
                "z": -0.1301659196615219,
                "w": 0.8543373346328735
            },
            "timestamp": 3.102219581604004,
            "source": 1,
            "projectionMatrix": {
                "e00": 0.9311909675598145,
                "e01": 0.0,
                "e02": 0.0,
                "e03": 0.0,
                "e10": 0.0,
                "e11": 1.7320507764816285,
                "e12": 0.0,
                "e13": 0.0,
                "e20": 0.0,
                "e21": 0.0,
                "e22": -1.0006000995635987,
                "e23": -0.6001800298690796,
                "e30": 0.0,
                "e31": 0.0,
                "e32": -1.0,
                "e33": 0.0
            },
            "worldToCameraMatrix": {
                "e00": 0.8338854312896729,
                "e01": -2.9802322387695315e-8,
                "e02": -0.5519376397132874,
                "e03": 1.0056686401367188,
                "e10": 0.44482240080833437,
                "e11": 0.5920125246047974,
                "e12": 0.6720523238182068,
                "e13": -0.8757403492927551,
                "e20": -0.32675397396087649,
                "e21": 0.8059288859367371,
                "e22": -0.49367058277130129,
                "e23": -1.4412574768066407,
                "e30": 0.0,
                "e31": 0.0,
                "e32": 0.0,
                "e33": 1.0
            },
            "fieldOfView": 60.0
        },
        {
            "captureId": 1,
            "imageName": "Auto_20250803_102652_302_0001",
            "position": {
                "x": 4.026729106903076,
                "y": 1.6799999475479127,
                "z": -1.5538657903671265
            },
            "rotation": {
                "x": -0.07689642906188965,
                "y": 0.6127228140830994,
                "z": -0.06007802113890648,
                "w": -0.7842501401901245
            },
            "timestamp": 6.098420143127441,
            "source": 1,
            "projectionMatrix": {
                "e00": 0.9311909675598145,
                "e01": 0.0,
                "e02": 0.0,
                "e03": 0.0,
                "e10": 0.0,
                "e11": 1.7320507764816285,
                "e12": 0.0,
                "e13": 0.0,
                "e20": 0.0,
                "e21": 0.0,
                "e22": -1.0006000995635987,
                "e23": -0.6001800298690796,
                "e30": 0.0,
                "e31": 0.0,
                "e32": -1.0,
                "e33": 0.0
            },
            "worldToCameraMatrix": {
                "e00": 0.2419227957725525,
                "e01": 0.0,
                "e02": 0.9702954888343811,
                "e03": 0.5335513353347778,
                "e10": -0.18846479058265687,
                "e11": 0.9809551239013672,
                "e12": 0.04698972404003143,
                "e13": -0.8160921931266785,
                "e20": 0.9518163800239563,
                "e21": 0.19423441588878632,
                "e22": -0.23731541633605958,
                "e23": -4.527776718139648,
                "e30": 0.0,
                "e31": 0.0,
                "e32": 0.0,
                "e33": 1.0
            },
            "fieldOfView": 60.0
        },
        {
            "captureId": 2,
            "imageName": "Auto_20250803_102655_305_0002",
            "position": {
                "x": -5.289947032928467,
                "y": 1.6799999475479127,
                "z": 1.4874200820922852
            },
            "rotation": {
                "x": -0.07203889638185501,
                "y": -0.8063622713088989,
                "z": 0.10043787211179733,
                "w": -0.578361988067627
            },
            "timestamp": 9.094650268554688,
            "source": 1,
            "projectionMatrix": {
                "e00": 0.9311909675598145,
                "e01": 0.0,
                "e02": 0.0,
                "e03": 0.0,
                "e10": 0.0,
                "e11": 1.7320507764816285,
                "e12": 0.0,
                "e13": 0.0,
                "e20": 0.0,
                "e21": 0.0,
                "e22": -1.0006000995635987,
                "e23": -0.6001800298690796,
                "e30": 0.0,
                "e31": 0.0,
                "e32": -1.0,
                "e33": 0.0
            },
            "worldToCameraMatrix": {
                "e00": -0.3206157684326172,
                "e01": 0.0,
                "e02": -0.9472094774246216,
                "e03": -0.2871420383453369,
                "e10": 0.23235778510570527,
                "e11": 0.9694452881813049,
                "e12": -0.07864949852228165,
                "e13": -0.2825227975845337,
                "e20": -0.9182677268981934,
                "e21": 0.24530774354934693,
                "e22": 0.3108193874359131,
                "e23": -5.7320237159729,
                "e30": 0.0,
                "e31": 0.0,
                "e32": 0.0,
                "e33": 1.0
            },
            "fieldOfView": 60.0
        },
        {
            "captureId": 3,
            "imageName": "Auto_20250803_102658_307_0003",
            "position": {
                "x": 5.6371002197265629,
                "y": 1.6799999475479127,
                "z": 1.001943826675415
            },
            "rotation": {
                "x": 0.09629755467176438,
                "y": -0.7705985307693481,
                "z": 0.11998385190963745,
                "w": 0.6184728741645813
            },
            "timestamp": 12.099223136901856,
            "source": 1,
            "projectionMatrix": {
                "e00": 0.9311909675598145,
                "e01": 0.0,
                "e02": 0.0,
                "e03": 0.0,
                "e10": 0.0,
                "e11": 1.7320507764816285,
                "e12": 0.0,
                "e13": 0.0,
                "e20": 0.0,
                "e21": 0.0,
                "e22": -1.0006000995635987,
                "e23": -0.6001800298690796,
                "e30": 0.0,
                "e31": 0.0,
                "e32": -1.0,
                "e33": 0.0
            },
            "worldToCameraMatrix": {
                "e00": -0.216436505317688,
                "e01": 0.0,
                "e02": 0.9762969017028809,
                "e03": 0.2418796420097351,
                "e10": -0.2968270182609558,
                "e11": 0.9526613354682922,
                "e12": -0.0658039078116417,
                "e13": 0.13870441913604737,
                "e20": 0.9300802946090698,
                "e21": 0.3040336072444916,
                "e22": 0.20619070529937745,
                "e23": -5.960323810577393,
                "e30": 0.0,
                "e31": 0.0,
                "e32": 0.0,
                "e33": 1.0
            },
            "fieldOfView": 60.0
        },
        {
            "captureId": 4,
            "imageName": "Manual_20250803_102659_083_0004",
            "position": {
                "x": 5.5234599113464359,
                "y": 1.6799999475479127,
                "z": -2.801600694656372
            },
            "rotation": {
                "x": 0.1508007049560547,
                "y": -0.5286397337913513,
                "z": 0.0960703194141388,
                "w": 0.8298010230064392
            },
            "timestamp": 12.871804237365723,
            "source": 0,
            "projectionMatrix": {
                "e00": 0.9311909675598145,
                "e01": 0.0,
                "e02": 0.0,
                "e03": 0.0,
                "e10": 0.0,
                "e11": 1.7320507764816285,
                "e12": 0.0,
                "e13": 0.0,
                "e20": 0.0,
                "e21": 0.0,
                "e22": -1.0006000995635987,
                "e23": -0.6001800298690796,
                "e30": 0.0,
                "e31": 0.0,
                "e32": -1.0,
                "e33": 0.0
            },
            "worldToCameraMatrix": {
                "e00": 0.42262107133865359,
                "e01": 1.4901161193847657e-8,
                "e02": 0.9063065052032471,
                "e03": 0.20477843284606934,
                "e10": -0.3188769817352295,
                "e11": 0.936059296131134,
                "e12": 0.14869597554206849,
                "e13": 0.605311393737793,
                "e20": 0.8483566045761108,
                "e21": 0.35184231400489809,
                "e22": -0.3955984115600586,
                "e23": -6.38526725769043,
                "e30": 0.0,
                "e31": 0.0,
                "e32": 0.0,
                "e33": 1.0
            },
            "fieldOfView": 60.0
        },
        {
            "captureId": 5,
            "imageName": "Manual_20250803_102700_418_0005",
            "position": {
                "x": 0.22064454853534699,
                "y": 1.6799999475479127,
                "z": -6.557804107666016
            },
            "rotation": {
                "x": 0.174950510263443,
                "y": -0.0678168311715126,
                "z": 0.012080040760338307,
                "w": 0.9821646809577942
            },
            "timestamp": 14.207898139953614,
            "source": 0,
            "projectionMatrix": {
                "e00": 0.9311909675598145,
                "e01": 0.0,
                "e02": 0.0,
                "e03": 0.0,
                "e10": 0.0,
                "e11": 1.7320507764816285,
                "e12": 0.0,
                "e13": 0.0,
                "e20": 0.0,
                "e21": 0.0,
                "e22": -1.0006000995635987,
                "e23": -0.6001800298690796,
                "e30": 0.0,
                "e31": 0.0,
                "e32": -1.0,
                "e33": 0.0
            },
            "worldToCameraMatrix": {
                "e00": 0.9905099272727966,
                "e01": 0.0,
                "e02": 0.13744141161441804,
                "e03": 0.6827632188796997,
                "e10": -0.047458358108997348,
                "e11": 0.9384927749633789,
                "e12": 0.3420219421386719,
                "e13": 0.6767166256904602,
                "e20": 0.12898777425289155,
                "e21": 0.3452988862991333,
                "e22": -0.9295864105224609,
                "e23": -6.704607963562012,
                "e30": 0.0,
                "e31": 0.0,
                "e32": 0.0,
                "e33": 1.0
            },
            "fieldOfView": 60.0
        },
        {
            "captureId": 6,
            "imageName": "Auto_20250803_102701_309_0006",
            "position": {
                "x": -3.4167144298553469,
                "y": 1.6799999475479127,
                "z": -4.408772945404053
            },
            "rotation": {
                "x": 0.1430312544107437,
                "y": 0.4503895044326782,
                "z": -0.07335072010755539,
                "w": 0.8782432675361633
            },
            "timestamp": 15.093510627746582,
            "source": 1,
            "projectionMatrix": {
                "e00": 0.9311909675598145,
                "e01": 0.0,
                "e02": 0.0,
                "e03": 0.0,
                "e10": 0.0,
                "e11": 1.7320507764816285,
                "e12": 0.0,
                "e13": 0.0,
                "e20": 0.0,
                "e21": 0.0,
                "e22": -1.0006000995635987,
                "e23": -0.6001800298690796,
                "e30": 0.0,
                "e31": 0.0,
                "e32": -1.0,
                "e33": 0.0
            },
            "worldToCameraMatrix": {
                "e00": 0.5835379362106323,
                "e01": 0.0,
                "e02": -0.8120859861373901,
                "e03": -1.5865201950073243,
                "e10": 0.2576791048049927,
                "e11": 0.9483234882354736,
                "e12": 0.18515968322753907,
                "e13": 0.10355949401855469,
                "e20": -0.7701202630996704,
                "e21": 0.3173052668571472,
                "e22": -0.5533827543258667,
                "e23": -5.604092597961426,
                "e30": 0.0,
                "e31": 0.0,
                "e32": 0.0,
                "e33": 1.0
            },
            "fieldOfView": 60.0
        },
        {
            "captureId": 7,
            "imageName": "Manual_20250803_102701_522_0007",
            "position": {
                "x": -4.0145978927612309,
                "y": 1.6799999475479127,
                "z": -3.5029544830322267
            },
            "rotation": {
                "x": 0.14243167638778687,
                "y": 0.48281288146972659,
                "z": -0.07992930710315705,
                "w": 0.8603583574295044
            },
            "timestamp": 15.310615539550782,
            "source": 0,
            "projectionMatrix": {
                "e00": 0.9311909675598145,
                "e01": 0.0,
                "e02": 0.0,
                "e03": 0.0,
                "e10": 0.0,
                "e11": 1.7320507764816285,
                "e12": 0.0,
                "e13": 0.0,
                "e20": 0.0,
                "e21": 0.0,
                "e22": -1.0006000995635987,
                "e23": -0.6001800298690796,
                "e30": 0.0,
                "e31": 0.0,
                "e32": -1.0,
                "e33": 0.0
            },
            "worldToCameraMatrix": {
                "e00": 0.5210060477256775,
                "e01": 0.0,
                "e02": -0.8535531163215637,
                "e03": -0.8983280658721924,
                "e10": 0.275071382522583,
                "e11": 0.9466490745544434,
                "e12": 0.16790276765823365,
                "e13": 0.10208630561828613,
                "e20": -0.8080152869224548,
                "e21": 0.3222663700580597,
                "e22": -0.4932098984718323,
                "e23": -5.512955665588379,
                "e30": 0.0,
                "e31": 0.0,
                "e32": 0.0,
                "e33": 1.0
            },
            "fieldOfView": 60.0
        },
        {
            "captureId": 8,
            "imageName": "Auto_20250803_102704_312_0008",
            "position": {
                "x": 2.3690896034240724,
                "y": 1.6799999475479127,
                "z": 4.544764995574951
            },
            "rotation": {
                "x": -0.03196770325303078,
                "y": 0.9680262207984924,
                "z": -0.17417573928833009,
                "w": -0.17766869068145753
            },
            "timestamp": 18.099367141723634,
            "source": 1,
            "projectionMatrix": {
                "e00": 0.9311909675598145,
                "e01": 0.0,
                "e02": 0.0,
                "e03": 0.0,
                "e10": 0.0,
                "e11": 1.7320507764816285,
                "e12": 0.0,
                "e13": 0.0,
                "e20": 0.0,
                "e21": 0.0,
                "e22": -1.0006000995635987,
                "e23": -0.6001800298690796,
                "e30": 0.0,
                "e31": 0.0,
                "e32": -1.0,
                "e33": 0.0
            },
            "worldToCameraMatrix": {
                "e00": -0.9348239898681641,
                "e01": 0.0,
                "e02": 0.35511189699172976,
                "e03": 0.6007817983627319,
                "e10": -0.12378229945898056,
                "e11": 0.9372817277908325,
                "e12": -0.32585403323173525,
                "e13": 0.19954809546470643,
                "e20": 0.3328399062156677,
                "e21": 0.348572701215744,
                "e22": 0.8761934041976929,
                "e23": -5.356222629547119,
                "e30": 0.0,
                "e31": 0.0,
                "e32": 0.0,
                "e33": 1.0
            },
            "fieldOfView": 60.0
        },
        {
            "captureId": 9,
            "imageName": "Auto_20250803_102707_313_0009",
            "position": {
                "x": 5.850088596343994,
                "y": 1.6799999475479127,
                "z": 2.2551772594451906
            },
            "rotation": {
                "x": -0.05541663616895676,
                "y": 0.27014875411987307,
                "z": -0.015576728619635105,
                "w": -0.9610962271690369
            },
            "timestamp": 21.108165740966798,
            "source": 1,
            "projectionMatrix": {
                "e00": 0.9311909675598145,
                "e01": 0.0,
                "e02": 0.0,
                "e03": 0.0,
                "e10": 0.0,
                "e11": 1.7320507764816285,
                "e12": 0.0,
                "e13": 0.0,
                "e20": 0.0,
                "e21": 0.0,
                "e22": -1.0006000995635987,
                "e23": -0.6001800298690796,
                "e30": 0.0,
                "e31": 0.0,
                "e32": -1.0,
                "e33": 0.0
            },
            "worldToCameraMatrix": {
                "e00": 0.8535540103912354,
                "e01": -1.862645149230957e-9,
                "e02": 0.521004319190979,
                "e03": -6.168323516845703,
                "e10": -0.059882938861846927,
                "e11": 0.9933727383613586,
                "e12": 0.09810537099838257,
                "e13": -1.5397907495498658,
                "e20": 0.5175514221191406,
                "e21": 0.11493751406669617,
                "e22": -0.8478972911834717,
                "e23": -1.3086578845977784,
                "e30": 0.0,
                "e31": 0.0,
                "e32": 0.0,
                "e33": 1.0
            },
            "fieldOfView": 60.0
        }
    ]
}