{
  "aabb_scale": 32,
  "frames": [
    {
      "file_path": "./images/Camera_L0_H00_0000.jpg",
      "sharpness": 50.0,
      "transform_matrix": [
        0.0,
        1.231653667943533e-16,
        0.9999999999999999,
        0,
        -0.9922778008314361,
        -0.12403534164555166,
        0.0,
        0,
        0.12403534164555166,
        -0.992277800831436,
        1.1102230246251565e-16,
        0,
        8.0,
        -2.0,
        0.0,
        1
      ]
    },
    {
      "file_path": "./images/Camera_L0_H01_0001.jpg",
      "sharpness": 50.0,
      "transform_matrix": [
        7.129196901572987e-08,
        -0.49999978556109287,
        0.8660255275907606,
        0,
        -0.9922777598975527,
        -0.10741809115568812,
        -0.062017746695303896,
        0,
        0.12403566911453139,
        -0.859337866110489,
        -0.4961386748238652,
        0,
        6.928203,
        -2.0,
        -4.0,
        1
      ]
    },
    {
      "file_path": "./images/Camera_L0_H02_0002.jpg",
      "sharpness": 50.0,
      "transform_matrix": [
        -6.190843142711566e-07,
        -0.8660252590198662,
        0.5000002507391273,
        0,
        -0.9922779338320167,
        -0.06201663791775397,
        -0.1074171245725846,
        0,
        0.12403427764001648,
        -0.4961392822191684,
        -0.8593377162730421,
        0,
        4.0,
        -2.0,
        -6.928204,
        1
      ]
    },
    {
      "file_path": "./images/Camera_L0_H03_0003.jpg",
      "sharpness": 50.0,
      "transform_matrix": [
        0.0,
        -0.9999999999999996,
        0.0,
        0,
        -0.9922779921715985,
        -0.0,
        -0.12403381092226842,
        0,
        0.12403381092226842,
        -0.0,
        -0.9922779921715981,
        0,
        0.0,
        -2.0,
        -8.0,
        1
      ]
    },
    {
      "file_path": "./images/Camera_L0_H04_0004.jpg",
      "sharpness": 50.0,
      "transform_matrix": [
        6.190843142711566e-07,
        -0.8660252590198662,
        -0.5000002507391273,
        0,
        -0.9922779338320167,
        0.06201663791775397,
        -0.1074171245725846,
        0,
        0.12403427764001648,
        0.4961392822191684,
        -0.8593377162730421,
        0,
        -4.0,
        -2.0,
        -6.928203,
        1
      ]
    },
    {
      "file_path": "./images/Camera_L0_H05_0005.jpg",
      "sharpness": 50.0,
      "transform_matrix": [
        -7.129196901572987e-08,
        -0.49999978556109287,
        -0.8660255275907606,
        0,
        -0.9922777598975527,
        0.10741809115568812,
        -0.062017746695303896,
        0,
        0.12403566911453139,
        0.859337866110489,
        -0.4961386748238652,
        0,
        -6.928203,
        -2.0,
        -4.0,
        1
      ]
    },
    {
      "file_path": "./images/Camera_L0_H06_0006.jpg",
      "sharpness": 50.0,
      "transform_matrix": [
        0.0,
        1.231653667943533e-16,
        -0.9999999999999999,
        0,
        -0.9922778008314361,
        0.12403534164555166,
        0.0,
        0,
        0.12403534164555166,
        0.992277800831436,
        1.1102230246251565e-16,
        0,
        -8.0,
        -2.0,
        1e-06,
        1
      ]
    },
    {
      "file_path": "./images/Camera_L0_H07_0007.jpg",
      "sharpness": 50.0,
      "transform_matrix": [
        7.129196901572987e-08,
        0.49999978556109337,
        -0.8660255275907606,
        0,
        -0.9922777598975527,
        0.10741809115568812,
        0.062017746695303896,
        0,
        0.12403566911453139,
        0.859337866110489,
        0.4961386748238657,
        0,
        -6.928203,
        -2.0,
        4.0,
        1
      ]
    },
    {
      "file_path": "./images/Camera_L0_H08_0008.jpg",
      "sharpness": 50.0,
      "transform_matrix": [
        -6.190843142711566e-07,
        0.8660252590198663,
        -0.5000002507391273,
        0,
        -0.9922779338320167,
        0.06201663791775397,
        0.1074171245725846,
        0,
        0.12403427764001648,
        0.4961392822191684,
        0.8593377162730422,
        0,
        -3.999999,
        -2.0,
        6.928204,
        1
      ]
    },
    {
      "file_path": "./images/Camera_L0_H09_0009.jpg",
      "sharpness": 50.0,
      "transform_matrix": [
        0.0,
        1.0,
        -0.0,
        0,
        -0.9922779921715985,
        -0.0,
        0.12403381092226842,
        0,
        0.12403381092226842,
        -0.0,
        0.9922779921715985,
        0,
        0.0,
        -2.0,
        8.0,
        1
      ]
    },
    {
      "file_path": "./images/Camera_L0_H10_0010.jpg",
      "sharpness": 50.0,
      "transform_matrix": [
        6.190843142711566e-07,
        0.8660252590198663,
        0.5000002507391273,
        0,
        -0.9922779338320167,
        -0.06201663791775397,
        0.1074171245725846,
        0,
        0.12403427764001648,
        -0.4961392822191684,
        0.8593377162730422,
        0,
        3.999999,
        -2.0,
        6.928204,
        1
      ]
    },
    {
      "file_path": "./images/Camera_L0_H11_0011.jpg",
      "sharpness": 50.0,
      "transform_matrix": [
        -7.129196901572987e-08,
        0.49999978556109337,
        0.8660255275907606,
        0,
        -0.9922777598975527,
        -0.10741809115568812,
        0.062017746695303896,
        0,
        0.12403566911453139,
        -0.859337866110489,
        0.4961386748238657,
        0,
        6.928203,
        -2.0,
        4.000001,
        1
      ]
    },
    {
      "file_path": "./images/Camera_L1_H00_0012.jpg",
      "sharpness": 50.0,
      "transform_matrix": [
        0.0,
        -1.8735013540549517e-16,
        1.0000000000000002,
        0,
        -0.9161573988946505,
        -0.40081868775119267,
        0.0,
        0,
        0.40081868775119267,
        -0.9161573988946508,
        -2.220446049250313e-16,
        0,
        8.0,
        -4.5,
        0.0,
        1
      ]
    },
    {
      "file_path": "./images/Camera_L1_H01_0013.jpg",
      "sharpness": 50.0,
      "transform_matrix": [
        -4.358394882220118e-07,
        -0.587785237371307,
        0.8090170052156914,
        0,
        -0.9161574385129662,
        -0.32426882643608784,
        -0.23559557733353736,
        0,
        0.40081859719475404,
        -0.7411870498936947,
        -0.538503676136673,
        0,
        6.472136,
        -4.5,
        -4.702282,
        1
      ]
    },
    {
      "file_path": "./images/Camera_L1_H02_0014.jpg",
      "sharpness": 50.0,
      "transform_matrix": [
        -7.219283046366876e-07,
        -0.9510567968646045,
        0.30901613086879004,
        0,
        -0.9161575407855722,
        -0.12385871081876582,
        -0.38120123322996485,
        0,
        0.40081836342813876,
        -0.2831077337197832,
        -0.8713177667457704,
        0,
        2.472136,
        -4.5,
        -7.608452,
        1
      ]
    },
    {
      "file_path": "./images/Camera_L1_H03_0015.jpg",
      "sharpness": 50.0,
      "transform_matrix": [
        7.219283046366876e-07,
        -0.9510567968646045,
        -0.30901613086879004,
        0,
        -0.9161575407855722,
        0.12385871081876582,
        -0.38120123322996485,
        0,
        0.40081836342813876,
        0.2831077337197832,
        -0.8713177667457704,
        0,
        -2.472136,
        -4.5,
        -7.608452,
        1
      ]
    },
    {
      "file_path": "./images/Camera_L1_H04_0016.jpg",
      "sharpness": 50.0,
      "transform_matrix": [
        4.358394882220118e-07,
        -0.587785237371307,
        -0.8090170052156914,
        0,
        -0.9161574385129662,
        0.32426882643608784,
        -0.23559557733353736,
        0,
        0.40081859719475404,
        0.7411870498936947,
        -0.538503676136673,
        0,
        -6.472136,
        -4.5,
        -4.702281,
        1
      ]
    },
    {
      "file_path": "./images/Camera_L1_H05_0017.jpg",
      "sharpness": 50.0,
      "transform_matrix": [
        0.0,
        -1.8735013540549517e-16,
        -1.0000000000000002,
        0,
        -0.9161573988946505,
        0.40081868775119267,
        0.0,
        0,
        0.40081868775119267,
        0.9161573988946508,
        -2.220446049250313e-16,
        0,
        -8.0,
        -4.5,
        1e-06,
        1
      ]
    },
    {
      "file_path": "./images/Camera_L1_H06_0018.jpg",
      "sharpness": 50.0,
      "transform_matrix": [
        -4.358394882220118e-07,
        0.5877852373713071,
        -0.8090170052156914,
        0,
        -0.9161574385129662,
        0.32426882643608784,
        0.23559557733353736,
        0,
        0.40081859719475404,
        0.7411870498936947,
        0.5385036761366733,
        0,
        -6.472136,
        -4.5,
        4.702281,
        1
      ]
    },
    {
      "file_path": "./images/Camera_L1_H07_0019.jpg",
      "sharpness": 50.0,
      "transform_matrix": [
        8.071480417162769e-07,
        0.9510560743882353,
        -0.3090183544202318,
        0,
        -0.9161574437144298,
        0.1238610029340037,
        0.3812007217711218,
        0,
        0.40081858530511033,
        0.2831091579610631,
        0.8713172019147721,
        0,
        -2.472137,
        -4.5,
        7.608452,
        1
      ]
    },
    {
      "file_path": "./images/Camera_L1_H08_0020.jpg",
      "sharpness": 50.0,
      "transform_matrix": [
        -8.071480417162769e-07,
        0.9510560743882353,
        0.3090183544202318,
        0,
        -0.9161574437144298,
        -0.1238610029340037,
        0.3812007217711218,
        0,
        0.40081858530511033,
        -0.2831091579610631,
        0.8713172019147721,
        0,
        2.472137,
        -4.5,
        7.608452,
        1
      ]
    },
    {
      "file_path": "./images/Camera_L1_H09_0021.jpg",
      "sharpness": 50.0,
      "transform_matrix": [
        4.358394882220118e-07,
        0.5877852373713071,
        0.8090170052156914,
        0,
        -0.9161574385129662,
        -0.32426882643608784,
        0.23559557733353736,
        0,
        0.40081859719475404,
        -0.7411870498936947,
        0.5385036761366733,
        0,
        6.472136,
        -4.5,
        4.702282,
        1
      ]
    },
    {
      "file_path": "./images/Camera_L2_H00_0022.jpg",
      "sharpness": 50.0,
      "transform_matrix": [
        0.0,
        1.942890293094024e-16,
        0.9999999999999998,
        0,
        -0.7999994633431309,
        -0.6000007155418255,
        0.0,
        0,
        0.6000007155418255,
        -0.7999994633431307,
        2.220446049250313e-16,
        0,
        8.0,
        -7.0,
        0.0,
        1
      ]
    },
    {
      "file_path": "./images/Camera_L2_H01_0023.jpg",
      "sharpness": 50.0,
      "transform_matrix": [
        -4.840600373590132e-07,
        -0.7071073729062627,
        0.7071061894661714,
        0,
        -0.7999992988239459,
        -0.4242641009277328,
        -0.4242653586438298,
        0,
        0.6000009349000721,
        -0.5656846611369148,
        -0.565685197148956,
        0,
        5.656854,
        -7.0,
        -5.656854,
        1
      ]
    },
    {
      "file_path": "./images/Camera_L2_H02_0024.jpg",
      "sharpness": 50.0,
      "transform_matrix": [
        0.0,
        -0.9999999999999997,
        0.0,
        0,
        -0.7999996205264416,
        -0.0,
        -0.6000005059644112,
        0,
        0.6000005059644112,
        -0.0,
        -0.7999996205264412,
        0,
        0.0,
        -7.0,
        -8.0,
        1
      ]
    },
    {
      "file_path": "./images/Camera_L2_H03_0025.jpg",
      "sharpness": 50.0,
      "transform_matrix": [
        4.840600373590132e-07,
        -0.7071073729062627,
        -0.7071061894661714,
        0,
        -0.7999992988239459,
        0.4242641009277328,
        -0.4242653586438298,
        0,
        0.6000009349000721,
        0.5656846611369148,
        -0.565685197148956,
        0,
        -5.656854,
        -7.0,
        -5.656854,
        1
      ]
    },
    {
      "file_path": "./images/Camera_L2_H04_0026.jpg",
      "sharpness": 50.0,
      "transform_matrix": [
        0.0,
        1.942890293094024e-16,
        -0.9999999999999998,
        0,
        -0.7999994633431309,
        0.6000007155418255,
        0.0,
        0,
        0.6000007155418255,
        0.7999994633431307,
        2.220446049250313e-16,
        0,
        -8.0,
        -7.0,
        1e-06,
        1
      ]
    },
    {
      "file_path": "./images/Camera_L2_H05_0027.jpg",
      "sharpness": 50.0,
      "transform_matrix": [
        2.420301601080421e-07,
        0.7071072017651798,
        -0.7071063606076236,
        0,
        -0.8000003505876319,
        0.42426362274044604,
        0.4242638536085988,
        0,
        0.5999995325494909,
        0.5656852337041949,
        0.5656861119997758,
        0,
        -5.656855,
        -7.0,
        5.656854,
        1
      ]
    },
    {
      "file_path": "./images/Camera_L2_H06_0028.jpg",
      "sharpness": 50.0,
      "transform_matrix": [
        0.0,
        1.0,
        -0.0,
        0,
        -0.7999996205264416,
        -0.0,
        0.6000005059644112,
        0,
        0.6000005059644112,
        -0.0,
        0.7999996205264416,
        0,
        0.0,
        -7.0,
        8.0,
        1
      ]
    },
    {
      "file_path": "./images/Camera_L2_H07_0029.jpg",
      "sharpness": 50.0,
      "transform_matrix": [
        4.840600373590132e-07,
        0.7071073729062627,
        0.7071061894661714,
        0,
        -0.7999992988239459,
        -0.4242641009277328,
        0.4242653586438298,
        0,
        0.6000009349000721,
        -0.5656846611369148,
        0.565685197148956,
        0,
        5.656853,
        -7.0,
        5.656855,
        1
      ]
    },
    {
      "file_path": "./images/Camera_Top_0030.jpg",
      "sharpness": 50.0,
      "transform_matrix": [
        0.0,
        1.0,
        -0.0,
        0,
        -2.220446049250313e-16,
        -0.0,
        0.9999999999999998,
        0,
        0.9999999999999998,
        -0.0,
        2.220446049250313e-16,
        0,
        0.0,
        -9.0,
        0.0,
        1
      ]
    },
    {
      "file_path": "./images/Camera_Bottom_0031.jpg",
      "sharpness": 50.0,
      "transform_matrix": [
        0.0,
        -0.9999999999999996,
        -0.0,
        0,
        -2.220446049250313e-16,
        -0.0,
        0.9999999999999998,
        0,
        -0.9999999999999998,
        -0.0,
        2.220446049250313e-16,
        0,
        0.0,
        -1.3,
        0.0,
        1
      ]
    },
    {
      "file_path": "./images/Camera_Close_0_0032.jpg",
      "sharpness": 50.0,
      "transform_matrix": [
        0.0,
        -2.498001805406602e-16,
        1.0000000000000002,
        0,
        -0.9230769230769231,
        -0.3846153846153847,
        0.0,
        0,
        0.3846153846153847,
        -0.9230769230769234,
        -2.220446049250313e-16,
        0,
        4.8,
        -3.0,
        0.0,
        1
      ]
    },
    {
      "file_path": "./images/Camera_Close_1_0033.jpg",
      "sharpness": 50.0,
      "transform_matrix": [
        0.0,
        -1.0,
        0.0,
        0,
        -0.9230770739353735,
        -0.0,
        -0.3846150225549034,
        0,
        0.3846150225549034,
        -0.0,
        -0.9230770739353735,
        0,
        0.0,
        -3.0,
        -4.8,
        1
      ]
    },
    {
      "file_path": "./images/Camera_Close_2_0034.jpg",
      "sharpness": 50.0,
      "transform_matrix": [
        0.0,
        -2.498001805406602e-16,
        -1.0000000000000002,
        0,
        -0.9230769230769231,
        0.3846153846153847,
        0.0,
        0,
        0.3846153846153847,
        0.9230769230769234,
        -2.220446049250313e-16,
        0,
        -4.8,
        -3.0,
        0.0,
        1
      ]
    },
    {
      "file_path": "./images/Camera_Close_3_0035.jpg",
      "sharpness": 50.0,
      "transform_matrix": [
        0.0,
        1.0,
        -0.0,
        0,
        -0.9230770739353735,
        -0.0,
        0.3846150225549034,
        0,
        0.3846150225549034,
        -0.0,
        0.9230770739353735,
        0,
        0.0,
        -3.0,
        4.8,
        1
      ]
    }
  ]
}