{
    "cameras": [
        {
            "imageId": 0,
            "imageName": "Camera_L0_H00_0000",
            "position": {
                "x": 10.0,
                "y": 2.0,
                "z": 0.0
            },
            "rotation": {
                "x": 0.03522361069917679,
                "y": -0.7062289714813232,
                "z": 0.03522361069917679,
                "w": 0.7062289118766785
            },
            "projectionMatrix": {
                "e00": 1.4262369871139527,
                "e01": 0.0,
                "e02": 0.0,
                "e03": 0.0,
                "e10": 0.0,
                "e11": 1.7320507764816285,
                "e12": 0.0,
                "e13": 0.0,
                "e20": 0.0,
                "e21": 0.0,
                "e22": -1.0020020008087159,
                "e23": -0.20020020008087159,
                "e30": 0.0,
                "e31": 0.0,
                "e32": -1.0,
                "e33": 0.0
            },
            "worldToCameraMatrix": {
                "e00": -1.1920928955078126e-7,
                "e01": -7.450580596923828e-9,
                "e02": 1.0000001192092896,
                "e03": 0.0000012069940567016602,
                "e10": -0.09950373321771622,
                "e11": 0.9950371980667114,
                "e12": -7.450580596923828e-9,
                "e13": -0.9950370788574219,
                "e20": 0.9950372576713562,
                "e21": 0.09950373321771622,
                "e22": 1.1920928955078126e-7,
                "e23": -10.14937973022461,
                "e30": 0.0,
                "e31": 0.0,
                "e32": 0.0,
                "e33": 1.0
            },
            "fieldOfView": 60.0,
            "nearClipPlane": 0.10000000149011612,
            "farClipPlane": 100.0,
            "aspect": 1.2144200801849366
        },
        {
            "imageId": 1,
            "imageName": "Camera_L0_H01_0001",
            "position": {
                "x": 9.396925926208496,
                "y": 2.0,
                "z": 3.420201301574707
            },
            "rotation": {
                "x": 0.028571967035531999,
                "y": -0.8181350827217102,
                "z": 0.04080500453710556,
                "w": 0.5728643536567688
            },
            "projectionMatrix": {
                "e00": 1.4262369871139527,
                "e01": 0.0,
                "e02": 0.0,
                "e03": 0.0,
                "e10": 0.0,
                "e11": 1.7320507764816285,
                "e12": 0.0,
                "e13": 0.0,
                "e20": 0.0,
                "e21": 0.0,
                "e22": -1.0020020008087159,
                "e23": -0.20020020008087159,
                "e30": 0.0,
                "e31": 0.0,
                "e32": -1.0,
                "e33": 0.0
            },
            "worldToCameraMatrix": {
                "e00": -0.3420201539993286,
                "e01": 7.450580596923828e-9,
                "e02": 0.9396925568580627,
                "e03": 2.384185791015625e-7,
                "e10": -0.09350292384624481,
                "e11": 0.9950371980667114,
                "e12": -0.03403228893876076,
                "e13": -0.9950370788574219,
                "e20": 0.9350290894508362,
                "e21": 0.09950374066829682,
                "e22": 0.34032273292541506,
                "e23": -10.149378776550293,
                "e30": 0.0,
                "e31": 0.0,
                "e32": 0.0,
                "e33": 1.0
            },
            "fieldOfView": 60.0,
            "nearClipPlane": 0.10000000149011612,
            "farClipPlane": 100.0,
            "aspect": 1.2144200801849366
        },
        {
            "imageId": 2,
            "imageName": "Camera_L0_H02_0002",
            "position": {
                "x": 7.660444259643555,
                "y": 2.0,
                "z": 6.427875518798828
            },
            "rotation": {
                "x": -0.021052183583378793,
                "y": 0.9051826596260071,
                "z": -0.04514654353260994,
                "w": -0.42209360003471377
            },
            "projectionMatrix": {
                "e00": 1.4262369871139527,
                "e01": 0.0,
                "e02": 0.0,
                "e03": 0.0,
                "e10": 0.0,
                "e11": 1.7320507764816285,
                "e12": 0.0,
                "e13": 0.0,
                "e20": 0.0,
                "e21": 0.0,
                "e22": -1.0020020008087159,
                "e23": -0.20020020008087159,
                "e30": 0.0,
                "e31": 0.0,
                "e32": -1.0,
                "e33": 0.0
            },
            "worldToCameraMatrix": {
                "e00": -0.6427876949310303,
                "e01": -7.450580596923828e-9,
                "e02": 0.7660444378852844,
                "e03": 9.5367431640625e-7,
                "e10": -0.07622427493333817,
                "e11": 0.9950371980667114,
                "e12": -0.0639597550034523,
                "e13": -0.9950372576713562,
                "e20": 0.7622427344322205,
                "e21": 0.09950371831655503,
                "e22": 0.6395977735519409,
                "e23": -10.14937973022461,
                "e30": 0.0,
                "e31": 0.0,
                "e32": 0.0,
                "e33": 1.0
            },
            "fieldOfView": 60.0,
            "nearClipPlane": 0.10000000149011612,
            "farClipPlane": 100.0,
            "aspect": 1.2144200801849366
        },
        {
            "imageId": 3,
            "imageName": "Camera_L0_H03_0003",
            "position": {
                "x": 4.999999523162842,
                "y": 2.0,
                "z": 8.66025447845459
            },
            "rotation": {
                "x": -0.01289273239672184,
                "y": 0.9647266864776611,
                "z": -0.04811634123325348,
                "w": -0.2584976851940155
            },
            "projectionMatrix": {
                "e00": 1.4262369871139527,
                "e01": 0.0,
                "e02": 0.0,
                "e03": 0.0,
                "e10": 0.0,
                "e11": 1.7320507764816285,
                "e12": 0.0,
                "e13": 0.0,
                "e20": 0.0,
                "e21": 0.0,
                "e22": -1.0020020008087159,
                "e23": -0.20020020008087159,
                "e30": 0.0,
                "e31": 0.0,
                "e32": -1.0,
                "e33": 0.0
            },
            "worldToCameraMatrix": {
                "e00": -0.866025447845459,
                "e01": 0.0,
                "e02": 0.4999999403953552,
                "e03": 0.0,
                "e10": -0.049751851707696918,
                "e11": 0.9950371980667114,
                "e12": -0.08617275208234787,
                "e13": -0.9950370788574219,
                "e20": 0.49751853942871096,
                "e21": 0.09950371831655503,
                "e22": 0.8617275953292847,
                "e23": -10.149380683898926,
                "e30": 0.0,
                "e31": 0.0,
                "e32": 0.0,
                "e33": 1.0
            },
            "fieldOfView": 60.0,
            "nearClipPlane": 0.10000000149011612,
            "farClipPlane": 100.0,
            "aspect": 1.2144200801849366
        },
        {
            "imageId": 4,
            "imageName": "Camera_L0_H04_0004",
            "position": {
                "x": 1.7364822626113892,
                "y": 2.0,
                "z": 9.848077774047852
            },
            "rotation": {
                "x": -0.004341551102697849,
                "y": 0.9949579834938049,
                "z": -0.04962414503097534,
                "w": -0.08704756200313568
            },
            "projectionMatrix": {
                "e00": 1.4262369871139527,
                "e01": 0.0,
                "e02": 0.0,
                "e03": 0.0,
                "e10": 0.0,
                "e11": 1.7320507764816285,
                "e12": 0.0,
                "e13": 0.0,
                "e20": 0.0,
                "e21": 0.0,
                "e22": -1.0020020008087159,
                "e23": -0.20020020008087159,
                "e30": 0.0,
                "e31": 0.0,
                "e32": -1.0,
                "e33": 0.0
            },
            "worldToCameraMatrix": {
                "e00": -0.9848079681396484,
                "e01": 0.0,
                "e02": 0.17364822328090669,
                "e03": 3.5762786865234377e-7,
                "e10": -0.0172786433249712,
                "e11": 0.9950371980667114,
                "e12": -0.09799203276634217,
                "e13": -0.9950371384620667,
                "e20": 0.1727864295244217,
                "e21": 0.09950372576713562,
                "e22": 0.979920506477356,
                "e23": -10.149380683898926,
                "e30": 0.0,
                "e31": 0.0,
                "e32": 0.0,
                "e33": 1.0
            },
            "fieldOfView": 60.0,
            "nearClipPlane": 0.10000000149011612,
            "farClipPlane": 100.0,
            "aspect": 1.2144200801849366
        },
        {
            "imageId": 5,
            "imageName": "Camera_L0_H05_0005",
            "position": {
                "x": -1.7364819049835206,
                "y": 2.0,
                "z": 9.848077774047852
            },
            "rotation": {
                "x": 0.004341550637036562,
                "y": 0.9949579834938049,
                "z": -0.04962414503097534,
                "w": 0.08704754710197449
            },
            "projectionMatrix": {
                "e00": 1.4262369871139527,
                "e01": 0.0,
                "e02": 0.0,
                "e03": 0.0,
                "e10": 0.0,
                "e11": 1.7320507764816285,
                "e12": 0.0,
                "e13": 0.0,
                "e20": 0.0,
                "e21": 0.0,
                "e22": -1.0020020008087159,
                "e23": -0.20020020008087159,
                "e30": 0.0,
                "e31": 0.0,
                "e32": -1.0,
                "e33": 0.0
            },
            "worldToCameraMatrix": {
                "e00": -0.9848079681396484,
                "e01": 9.313225746154786e-10,
                "e02": -0.1736481934785843,
                "e03": -3.5762786865234377e-7,
                "e10": 0.01727864146232605,
                "e11": 0.9950371980667114,
                "e12": -0.09799204021692276,
                "e13": -0.9950370788574219,
                "e20": -0.1727863997220993,
                "e21": 0.09950371831655503,
                "e22": 0.979920506477356,
                "e23": -10.149380683898926,
                "e30": 0.0,
                "e31": 0.0,
                "e32": 0.0,
                "e33": 1.0
            },
            "fieldOfView": 60.0,
            "nearClipPlane": 0.10000000149011612,
            "farClipPlane": 100.0,
            "aspect": 1.2144200801849366
        },
        {
            "imageId": 6,
            "imageName": "Camera_L0_H06_0006",
            "position": {
                "x": -5.000000476837158,
                "y": 2.0,
                "z": 8.660253524780274
            },
            "rotation": {
                "x": 0.012892737984657288,
                "y": 0.9647266864776611,
                "z": -0.048116348683834079,
                "w": 0.25849777460098269
            },
            "projectionMatrix": {
                "e00": 1.4262369871139527,
                "e01": 0.0,
                "e02": 0.0,
                "e03": 0.0,
                "e10": 0.0,
                "e11": 1.7320507764816285,
                "e12": 0.0,
                "e13": 0.0,
                "e20": 0.0,
                "e21": 0.0,
                "e22": -1.0020020008087159,
                "e23": -0.20020020008087159,
                "e30": 0.0,
                "e31": 0.0,
                "e32": -1.0,
                "e33": 0.0
            },
            "worldToCameraMatrix": {
                "e00": -0.866025447845459,
                "e01": -1.862645149230957e-9,
                "e02": -0.5000001192092896,
                "e03": 0.0,
                "e10": 0.049751877784729007,
                "e11": 0.9950371980667114,
                "e12": -0.08617275953292847,
                "e13": -0.9950370788574219,
                "e20": -0.4975186884403229,
                "e21": 0.09950374066829682,
                "e22": 0.8617275953292847,
                "e23": -10.149380683898926,
                "e30": 0.0,
                "e31": 0.0,
                "e32": 0.0,
                "e33": 1.0
            },
            "fieldOfView": 60.0,
            "nearClipPlane": 0.10000000149011612,
            "farClipPlane": 100.0,
            "aspect": 1.2144200801849366
        },
        {
            "imageId": 7,
            "imageName": "Camera_L0_H07_0007",
            "position": {
                "x": -7.660444259643555,
                "y": 2.0,
                "z": 6.4278764724731449
            },
            "rotation": {
                "x": 0.021052181720733644,
                "y": 0.9051826596260071,
                "z": -0.045146550983190539,
                "w": 0.42209360003471377
            },
            "projectionMatrix": {
                "e00": 1.4262369871139527,
                "e01": 0.0,
                "e02": 0.0,
                "e03": 0.0,
                "e10": 0.0,
                "e11": 1.7320507764816285,
                "e12": 0.0,
                "e13": 0.0,
                "e20": 0.0,
                "e21": 0.0,
                "e22": -1.0020020008087159,
                "e23": -0.20020020008087159,
                "e30": 0.0,
                "e31": 0.0,
                "e32": -1.0,
                "e33": 0.0
            },
            "worldToCameraMatrix": {
                "e00": -0.6427878141403198,
                "e01": 0.0,
                "e02": -0.7660444378852844,
                "e03": -0.000001430511474609375,
                "e10": 0.07622428238391876,
                "e11": 0.9950371980667114,
                "e12": -0.0639597699046135,
                "e13": -0.9950369596481323,
                "e20": -0.7622427344322205,
                "e21": 0.09950373321771622,
                "e22": 0.6395977735519409,
                "e23": -10.149381637573243,
                "e30": 0.0,
                "e31": 0.0,
                "e32": 0.0,
                "e33": 1.0
            },
            "fieldOfView": 60.0,
            "nearClipPlane": 0.10000000149011612,
            "farClipPlane": 100.0,
            "aspect": 1.2144200801849366
        },
        {
            "imageId": 8,
            "imageName": "Camera_L0_H08_0008",
            "position": {
                "x": -9.396925926208496,
                "y": 2.0,
                "z": 3.4202022552490236
            },
            "rotation": {
                "x": 0.02857196517288685,
                "y": 0.8181350827217102,
                "z": -0.04080499708652496,
                "w": 0.5728643536567688
            },
            "projectionMatrix": {
                "e00": 1.4262369871139527,
                "e01": 0.0,
                "e02": 0.0,
                "e03": 0.0,
                "e10": 0.0,
                "e11": 1.7320507764816285,
                "e12": 0.0,
                "e13": 0.0,
                "e20": 0.0,
                "e21": 0.0,
                "e22": -1.0020020008087159,
                "e23": -0.20020020008087159,
                "e30": 0.0,
                "e31": 0.0,
                "e32": -1.0,
                "e33": 0.0
            },
            "worldToCameraMatrix": {
                "e00": -0.3420201539993286,
                "e01": -3.725290298461914e-9,
                "e02": -0.9396925568580627,
                "e03": 7.152557373046875e-7,
                "e10": 0.09350290894508362,
                "e11": 0.9950371980667114,
                "e12": -0.03403227776288986,
                "e13": -0.9950371980667114,
                "e20": -0.9350290894508362,
                "e21": 0.09950371831655503,
                "e22": 0.34032273292541506,
                "e23": -10.149378776550293,
                "e30": 0.0,
                "e31": 0.0,
                "e32": 0.0,
                "e33": 1.0
            },
            "fieldOfView": 60.0,
            "nearClipPlane": 0.10000000149011612,
            "farClipPlane": 100.0,
            "aspect": 1.2144200801849366
        },
        {
            "imageId": 9,
            "imageName": "Camera_L0_H09_0009",
            "position": {
                "x": -10.0,
                "y": 2.0,
                "z": -8.74227794156468e-7
            },
            "rotation": {
                "x": 0.03522361069917679,
                "y": 0.7062289118766785,
                "z": -0.03522360697388649,
                "w": 0.7062289714813232
            },
            "projectionMatrix": {
                "e00": 1.4262369871139527,
                "e01": 0.0,
                "e02": 0.0,
                "e03": 0.0,
                "e10": 0.0,
                "e11": 1.7320507764816285,
                "e12": 0.0,
                "e13": 0.0,
                "e20": 0.0,
                "e21": 0.0,
                "e22": -1.0020020008087159,
                "e23": -0.20020020008087159,
                "e30": 0.0,
                "e31": 0.0,
                "e32": -1.0,
                "e33": 0.0
            },
            "worldToCameraMatrix": {
                "e00": 5.960464477539063e-8,
                "e01": 0.0,
                "e02": -1.0000001192092896,
                "e03": -2.781814600893995e-7,
                "e10": 0.09950372576713562,
                "e11": 0.9950371980667114,
                "e12": 1.1175870895385743e-8,
                "e13": -0.9950371384620667,
                "e20": -0.9950372576713562,
                "e21": 0.09950372576713562,
                "e22": -5.960464477539063e-8,
                "e23": -10.14937973022461,
                "e30": 0.0,
                "e31": 0.0,
                "e32": 0.0,
                "e33": 1.0
            },
            "fieldOfView": 60.0,
            "nearClipPlane": 0.10000000149011612,
            "farClipPlane": 100.0,
            "aspect": 1.2144200801849366
        },
        {
            "imageId": 10,
            "imageName": "Camera_L0_H10_0010",
            "position": {
                "x": -9.396925926208496,
                "y": 2.0,
                "z": -3.420201539993286
            },
            "rotation": {
                "x": 0.04080499708652496,
                "y": 0.5728643536567688,
                "z": -0.028571967035531999,
                "w": 0.818135142326355
            },
            "projectionMatrix": {
                "e00": 1.4262369871139527,
                "e01": 0.0,
                "e02": 0.0,
                "e03": 0.0,
                "e10": 0.0,
                "e11": 1.7320507764816285,
                "e12": 0.0,
                "e13": 0.0,
                "e20": 0.0,
                "e21": 0.0,
                "e22": -1.0020020008087159,
                "e23": -0.20020020008087159,
                "e30": 0.0,
                "e31": 0.0,
                "e32": -1.0,
                "e33": 0.0
            },
            "worldToCameraMatrix": {
                "e00": 0.3420201539993286,
                "e01": -3.725290298461914e-9,
                "e02": -0.9396926760673523,
                "e03": -2.384185791015625e-7,
                "e10": 0.09350292384624481,
                "e11": 0.9950371980667114,
                "e12": 0.03403228148818016,
                "e13": -0.9950370788574219,
                "e20": -0.9350292086601257,
                "e21": 0.09950372576713562,
                "e22": -0.34032273292541506,
                "e23": -10.14937973022461,
                "e30": 0.0,
                "e31": 0.0,
                "e32": 0.0,
                "e33": 1.0
            },
            "fieldOfView": 60.0,
            "nearClipPlane": 0.10000000149011612,
            "farClipPlane": 100.0,
            "aspect": 1.2144200801849366
        },
        {
            "imageId": 11,
            "imageName": "Camera_L0_H11_0011",
            "position": {
                "x": -7.660445213317871,
                "y": 2.0,
                "z": -6.427875518798828
            },
            "rotation": {
                "x": 0.04514654353260994,
                "y": 0.42209362983703616,
                "z": -0.021052181720733644,
                "w": 0.9051826596260071
            },
            "projectionMatrix": {
                "e00": 1.4262369871139527,
                "e01": 0.0,
                "e02": 0.0,
                "e03": 0.0,
                "e10": 0.0,
                "e11": 1.7320507764816285,
                "e12": 0.0,
                "e13": 0.0,
                "e20": 0.0,
                "e21": 0.0,
                "e22": -1.0020020008087159,
                "e23": -0.20020020008087159,
                "e30": 0.0,
                "e31": 0.0,
                "e32": -1.0,
                "e33": 0.0
            },
            "worldToCameraMatrix": {
                "e00": 0.6427875757217407,
                "e01": -3.725290298461914e-9,
                "e02": -0.7660444974899292,
                "e03": 0.0,
                "e10": 0.07622428238391876,
                "e11": 0.9950371980667114,
                "e12": 0.0639597550034523,
                "e13": -0.9950371384620667,
                "e20": -0.7622427940368652,
                "e21": 0.09950371831655503,
                "e22": -0.6395975351333618,
                "e23": -10.14937973022461,
                "e30": 0.0,
                "e31": 0.0,
                "e32": 0.0,
                "e33": 1.0
            },
            "fieldOfView": 60.0,
            "nearClipPlane": 0.10000000149011612,
            "farClipPlane": 100.0,
            "aspect": 1.2144200801849366
        },
        {
            "imageId": 12,
            "imageName": "Camera_L0_H12_0012",
            "position": {
                "x": -4.999999046325684,
                "y": 2.0,
                "z": -8.66025447845459
            },
            "rotation": {
                "x": 0.04811634495854378,
                "y": 0.2584976851940155,
                "z": -0.012892733328044415,
                "w": 0.9647266864776611
            },
            "projectionMatrix": {
                "e00": 1.4262369871139527,
                "e01": 0.0,
                "e02": 0.0,
                "e03": 0.0,
                "e10": 0.0,
                "e11": 1.7320507764816285,
                "e12": 0.0,
                "e13": 0.0,
                "e20": 0.0,
                "e21": 0.0,
                "e22": -1.0020020008087159,
                "e23": -0.20020020008087159,
                "e30": 0.0,
                "e31": 0.0,
                "e32": -1.0,
                "e33": 0.0
            },
            "worldToCameraMatrix": {
                "e00": 0.866025447845459,
                "e01": 0.0,
                "e02": -0.4999999403953552,
                "e03": -4.76837158203125e-7,
                "e10": 0.04975185543298721,
                "e11": 0.9950371980667114,
                "e12": 0.08617275953292847,
                "e13": -0.9950371384620667,
                "e20": -0.49751853942871096,
                "e21": 0.09950372576713562,
                "e22": -0.8617275357246399,
                "e23": -10.14937973022461,
                "e30": 0.0,
                "e31": 0.0,
                "e32": 0.0,
                "e33": 1.0
            },
            "fieldOfView": 60.0,
            "nearClipPlane": 0.10000000149011612,
            "farClipPlane": 100.0,
            "aspect": 1.2144200801849366
        },
        {
            "imageId": 13,
            "imageName": "Camera_L0_H13_0013",
            "position": {
                "x": -1.7364813089370728,
                "y": 2.0,
                "z": -9.848077774047852
            },
            "rotation": {
                "x": 0.04962414503097534,
                "y": 0.0870475172996521,
                "z": -0.0043415492400527,
                "w": 0.9949579834938049
            },
            "projectionMatrix": {
                "e00": 1.4262369871139527,
                "e01": 0.0,
                "e02": 0.0,
                "e03": 0.0,
                "e10": 0.0,
                "e11": 1.7320507764816285,
                "e12": 0.0,
                "e13": 0.0,
                "e20": 0.0,
                "e21": 0.0,
                "e22": -1.0020020008087159,
                "e23": -0.20020020008087159,
                "e30": 0.0,
                "e31": 0.0,
                "e32": -1.0,
                "e33": 0.0
            },
            "worldToCameraMatrix": {
                "e00": 0.9848077893257141,
                "e01": -9.313225746154786e-10,
                "e02": -0.1736481487751007,
                "e03": -2.384185791015625e-7,
                "e10": 0.017278634011745454,
                "e11": 0.9950371980667114,
                "e12": 0.09799204021692276,
                "e13": -0.9950370788574219,
                "e20": -0.17278635501861573,
                "e21": 0.09950371831655503,
                "e22": -0.9799203276634216,
                "e23": -10.149378776550293,
                "e30": 0.0,
                "e31": 0.0,
                "e32": 0.0,
                "e33": 1.0
            },
            "fieldOfView": 60.0,
            "nearClipPlane": 0.10000000149011612,
            "farClipPlane": 100.0,
            "aspect": 1.2144200801849366
        },
        {
            "imageId": 14,
            "imageName": "Camera_L0_H14_0014",
            "position": {
                "x": 1.7364814281463624,
                "y": 2.0,
                "z": -9.848077774047852
            },
            "rotation": {
                "x": 0.04962414503097534,
                "y": -0.0870475322008133,
                "z": 0.0043415492400527,
                "w": 0.9949579834938049
            },
            "projectionMatrix": {
                "e00": 1.4262369871139527,
                "e01": 0.0,
                "e02": 0.0,
                "e03": 0.0,
                "e10": 0.0,
                "e11": 1.7320507764816285,
                "e12": 0.0,
                "e13": 0.0,
                "e20": 0.0,
                "e21": 0.0,
                "e22": -1.0020020008087159,
                "e23": -0.20020020008087159,
                "e30": 0.0,
                "e31": 0.0,
                "e32": -1.0,
                "e33": 0.0
            },
            "worldToCameraMatrix": {
                "e00": 0.9848077297210693,
                "e01": -9.313225746154786e-10,
                "e02": 0.1736481636762619,
                "e03": 3.5762786865234377e-7,
                "e10": -0.01727863773703575,
                "e11": 0.9950371980667114,
                "e12": 0.09799204021692276,
                "e13": -0.9950370788574219,
                "e20": 0.17278636991977693,
                "e21": 0.09950371831655503,
                "e22": -0.9799203276634216,
                "e23": -10.149378776550293,
                "e30": 0.0,
                "e31": 0.0,
                "e32": 0.0,
                "e33": 1.0
            },
            "fieldOfView": 60.0,
            "nearClipPlane": 0.10000000149011612,
            "farClipPlane": 100.0,
            "aspect": 1.2144200801849366
        },
        {
            "imageId": 15,
            "imageName": "Camera_L0_H15_0015",
            "position": {
                "x": 4.999999046325684,
                "y": 2.0,
                "z": -8.66025447845459
            },
            "rotation": {
                "x": 0.04811634495854378,
                "y": -0.2584976851940155,
                "z": 0.012892733328044415,
                "w": 0.9647266864776611
            },
            "projectionMatrix": {
                "e00": 1.4262369871139527,
                "e01": 0.0,
                "e02": 0.0,
                "e03": 0.0,
                "e10": 0.0,
                "e11": 1.7320507764816285,
                "e12": 0.0,
                "e13": 0.0,
                "e20": 0.0,
                "e21": 0.0,
                "e22": -1.0020020008087159,
                "e23": -0.20020020008087159,
                "e30": 0.0,
                "e31": 0.0,
                "e32": -1.0,
                "e33": 0.0
            },
            "worldToCameraMatrix": {
                "e00": 0.866025447845459,
                "e01": 0.0,
                "e02": 0.4999999403953552,
                "e03": 4.76837158203125e-7,
                "e10": -0.04975185543298721,
                "e11": 0.9950371980667114,
                "e12": 0.08617275953292847,
                "e13": -0.9950371384620667,
                "e20": 0.49751853942871096,
                "e21": 0.09950372576713562,
                "e22": -0.8617275357246399,
                "e23": -10.14937973022461,
                "e30": 0.0,
                "e31": 0.0,
                "e32": 0.0,
                "e33": 1.0
            },
            "fieldOfView": 60.0,
            "nearClipPlane": 0.10000000149011612,
            "farClipPlane": 100.0,
            "aspect": 1.2144200801849366
        },
        {
            "imageId": 16,
            "imageName": "Camera_L0_H16_0016",
            "position": {
                "x": 7.660443305969238,
                "y": 2.0,
                "z": -6.427877426147461
            },
            "rotation": {
                "x": 0.045146554708480838,
                "y": -0.42209354043006899,
                "z": 0.021052179858088495,
                "w": 0.9051826596260071
            },
            "projectionMatrix": {
                "e00": 1.4262369871139527,
                "e01": 0.0,
                "e02": 0.0,
                "e03": 0.0,
                "e10": 0.0,
                "e11": 1.7320507764816285,
                "e12": 0.0,
                "e13": 0.0,
                "e20": 0.0,
                "e21": 0.0,
                "e22": -1.0020020008087159,
                "e23": -0.20020020008087159,
                "e30": 0.0,
                "e31": 0.0,
                "e32": -1.0,
                "e33": 0.0
            },
            "worldToCameraMatrix": {
                "e00": 0.6427876949310303,
                "e01": 0.0,
                "e02": 0.7660443782806397,
                "e03": 4.76837158203125e-7,
                "e10": -0.07622427493333817,
                "e11": 0.9950371980667114,
                "e12": 0.06395977735519409,
                "e13": -0.9950370192527771,
                "e20": 0.7622426748275757,
                "e21": 0.09950374066829682,
                "e22": -0.6395976543426514,
                "e23": -10.14937973022461,
                "e30": 0.0,
                "e31": 0.0,
                "e32": 0.0,
                "e33": 1.0
            },
            "fieldOfView": 60.0,
            "nearClipPlane": 0.10000000149011612,
            "farClipPlane": 100.0,
            "aspect": 1.2144200801849366
        },
        {
            "imageId": 17,
            "imageName": "Camera_L0_H17_0017",
            "position": {
                "x": 9.396925926208496,
                "y": 2.0,
                "z": -3.420203685760498
            },
            "rotation": {
                "x": 0.04080499708652496,
                "y": -0.572864294052124,
                "z": 0.02857196144759655,
                "w": 0.818135142326355
            },
            "projectionMatrix": {
                "e00": 1.4262369871139527,
                "e01": 0.0,
                "e02": 0.0,
                "e03": 0.0,
                "e10": 0.0,
                "e11": 1.7320507764816285,
                "e12": 0.0,
                "e13": 0.0,
                "e20": 0.0,
                "e21": 0.0,
                "e22": -1.0020020008087159,
                "e23": -0.20020020008087159,
                "e30": 0.0,
                "e31": 0.0,
                "e32": -1.0,
                "e33": 0.0
            },
            "worldToCameraMatrix": {
                "e00": 0.34202033281326296,
                "e01": 0.0,
                "e02": 0.9396925568580627,
                "e03": 2.384185791015625e-7,
                "e10": -0.09350290149450302,
                "e11": 0.9950371980667114,
                "e12": 0.034032292664051059,
                "e13": -0.9950371980667114,
                "e20": 0.9350290894508362,
                "e21": 0.09950371831655503,
                "e22": -0.34032291173934939,
                "e23": -10.14937973022461,
                "e30": 0.0,
                "e31": 0.0,
                "e32": 0.0,
                "e33": 1.0
            },
            "fieldOfView": 60.0,
            "nearClipPlane": 0.10000000149011612,
            "farClipPlane": 100.0,
            "aspect": 1.2144200801849366
        },
        {
            "imageId": 18,
            "imageName": "Camera_L1_H00_0018",
            "position": {
                "x": 10.0,
                "y": 3.0,
                "z": 0.0
            },
            "rotation": {
                "x": 0.06967661529779434,
                "y": -0.7036654949188232,
                "z": 0.06967661529779434,
                "w": 0.703665554523468
            },
            "projectionMatrix": {
                "e00": 1.4262369871139527,
                "e01": 0.0,
                "e02": 0.0,
                "e03": 0.0,
                "e10": 0.0,
                "e11": 1.7320507764816285,
                "e12": 0.0,
                "e13": 0.0,
                "e20": 0.0,
                "e21": 0.0,
                "e22": -1.0020020008087159,
                "e23": -0.20020020008087159,
                "e30": 0.0,
                "e31": 0.0,
                "e32": -1.0,
                "e33": 0.0
            },
            "worldToCameraMatrix": {
                "e00": 5.960464477539063e-8,
                "e01": 7.450580596923828e-9,
                "e02": 1.0,
                "e03": -6.183981895446777e-7,
                "e10": -0.1961161196231842,
                "e11": 0.9805806875228882,
                "e12": 7.450580596923828e-9,
                "e13": -0.9805808067321777,
                "e20": 0.9805806875228882,
                "e21": 0.1961161196231842,
                "e22": -5.960464477539063e-8,
                "e23": -10.394155502319336,
                "e30": 0.0,
                "e31": 0.0,
                "e32": 0.0,
                "e33": 1.0
            },
            "fieldOfView": 60.0,
            "nearClipPlane": 0.10000000149011612,
            "farClipPlane": 100.0,
            "aspect": 1.2144200801849366
        },
        {
            "imageId": 19,
            "imageName": "Camera_L1_H01_0019",
            "position": {
                "x": 9.238795280456543,
                "y": 3.0,
                "z": 3.8268346786499025
            },
            "rotation": {
                "x": 0.05474456772208214,
                "y": -0.8274231553077698,
                "z": 0.08193103969097138,
                "w": 0.552866518497467
            },
            "projectionMatrix": {
                "e00": 1.4262369871139527,
                "e01": 0.0,
                "e02": 0.0,
                "e03": 0.0,
                "e10": 0.0,
                "e11": 1.7320507764816285,
                "e12": 0.0,
                "e13": 0.0,
                "e20": 0.0,
                "e21": 0.0,
                "e22": -1.0020020008087159,
                "e23": -0.20020020008087159,
                "e30": 0.0,
                "e31": 0.0,
                "e32": -1.0,
                "e33": 0.0
            },
            "worldToCameraMatrix": {
                "e00": -0.38268351554870608,
                "e01": 1.4901161193847657e-8,
                "e02": 0.9238796830177307,
                "e03": -2.384185791015625e-7,
                "e10": -0.181187704205513,
                "e11": 0.9805806875228882,
                "e12": -0.07505040615797043,
                "e13": -0.9805803298950195,
                "e20": 0.9059385657310486,
                "e21": 0.1961161494255066,
                "e22": 0.3752521276473999,
                "e23": -10.394157409667969,
                "e30": 0.0,
                "e31": 0.0,
                "e32": 0.0,
                "e33": 1.0
            },
            "fieldOfView": 60.0,
            "nearClipPlane": 0.10000000149011612,
            "farClipPlane": 100.0,
            "aspect": 1.2144200801849366
        },
        {
            "imageId": 20,
            "imageName": "Camera_L1_H02_0020",
            "position": {
                "x": 7.071067810058594,
                "y": 3.0,
                "z": 7.071067810058594
            },
            "rotation": {
                "x": -0.03770871460437775,
                "y": 0.9193833470344544,
                "z": -0.09103688597679138,
                "w": -0.38082098960876467
            },
            "projectionMatrix": {
                "e00": 1.4262369871139527,
                "e01": 0.0,
                "e02": 0.0,
                "e03": 0.0,
                "e10": 0.0,
                "e11": 1.7320507764816285,
                "e12": 0.0,
                "e13": 0.0,
                "e20": 0.0,
                "e21": 0.0,
                "e22": -1.0020020008087159,
                "e23": -0.20020020008087159,
                "e30": 0.0,
                "e31": 0.0,
                "e32": -1.0,
                "e33": 0.0
            },
            "worldToCameraMatrix": {
                "e00": -0.7071069478988648,
                "e01": -1.4901161193847657e-8,
                "e02": 0.7071067094802856,
                "e03": 0.000001430511474609375,
                "e10": -0.1386750489473343,
                "e11": 0.9805806875228882,
                "e12": -0.1386750489473343,
                "e13": -0.9805805683135986,
                "e20": 0.6933752298355103,
                "e21": 0.1961161345243454,
                "e22": 0.6933753490447998,
                "e23": -10.394155502319336,
                "e30": 0.0,
                "e31": 0.0,
                "e32": 0.0,
                "e33": 1.0
            },
            "fieldOfView": 60.0,
            "nearClipPlane": 0.10000000149011612,
            "farClipPlane": 100.0,
            "aspect": 1.2144200801849366
        },
        {
            "imageId": 21,
            "imageName": "Camera_L1_H03_0021",
            "position": {
                "x": 3.826834201812744,
                "y": 3.0,
                "z": 9.238795280456543
            },
            "rotation": {
                "x": -0.019223736599087716,
                "y": 0.976012110710144,
                "z": -0.09664425253868103,
                "w": -0.19414089620113374
            },
            "projectionMatrix": {
                "e00": 1.4262369871139527,
                "e01": 0.0,
                "e02": 0.0,
                "e03": 0.0,
                "e10": 0.0,
                "e11": 1.7320507764816285,
                "e12": 0.0,
                "e13": 0.0,
                "e20": 0.0,
                "e21": 0.0,
                "e22": -1.0020020008087159,
                "e23": -0.20020020008087159,
                "e30": 0.0,
                "e31": 0.0,
                "e32": -1.0,
                "e33": 0.0
            },
            "worldToCameraMatrix": {
                "e00": -0.9238795042037964,
                "e01": 3.725290298461914e-9,
