{
    "cameras": [
        {
            "imageId": 0,
            "imageName": "Camera_L0_H00_0000",
            "position": {
                "x": 8.0,
                "y": 2.0,
                "z": 0.0
            },
            "rotation": {
                "x": 0.0439378060400486,
                "y": -0.7057403326034546,
                "z": 0.0439378060400486,
                "w": 0.7057403922080994
            },
            "projectionMatrix": {
                "e00": 0.9311909675598145,
                "e01": 0.0,
                "e02": 0.0,
                "e03": 0.0,
                "e10": 0.0,
                "e11": 1.7320507764816285,
                "e12": 0.0,
                "e13": 0.0,
                "e20": 0.0,
                "e21": 0.0,
                "e22": -1.0020020008087159,
                "e23": -0.20020020008087159,
                "e30": 0.0,
                "e31": 0.0,
                "e32": -1.0,
                "e33": 0.0
            },
            "worldToCameraMatrix": {
                "e00": 0.0,
                "e01": 7.450580596923828e-9,
                "e02": 1.0000001192092896,
                "e03": -1.4901161193847657e-8,
                "e10": -0.12403475493192673,
                "e11": 0.9922778606414795,
                "e12": 7.450580596923828e-9,
                "e13": -0.9922776818275452,
                "e20": 0.9922780394554138,
                "e21": 0.12403475493192673,
                "e22": 0.0,
                "e23": -8.186293601989746,
                "e30": 0.0,
                "e31": 0.0,
                "e32": 0.0,
                "e33": 1.0
            },
            "fieldOfView": 60.0,
            "nearClipPlane": 0.10000000149011612,
            "farClipPlane": 100.0,
            "aspect": 1.860038161277771
        },
        {
            "imageId": 1,
            "imageName": "Camera_L0_H01_0001",
            "position": {
                "x": 6.928203105926514,
                "y": 2.0,
                "z": 4.0
            },
            "rotation": {
                "x": -0.031068725511431695,
                "y": 0.8643519282341003,
                "z": -0.05381261557340622,
                "w": -0.4990338683128357
            },
            "projectionMatrix": {
                "e00": 0.9311909675598145,
                "e01": 0.0,
                "e02": 0.0,
                "e03": 0.0,
                "e10": 0.0,
                "e11": 1.7320507764816285,
                "e12": 0.0,
                "e13": 0.0,
                "e20": 0.0,
                "e21": 0.0,
                "e22": -1.0020020008087159,
                "e23": -0.20020020008087159,
                "e30": 0.0,
                "e31": 0.0,
                "e32": -1.0,
                "e33": 0.0
            },
            "worldToCameraMatrix": {
                "e00": -0.5,
                "e01": 1.1175870895385743e-8,
                "e02": 0.8660255074501038,
                "e03": -4.76837158203125e-7,
                "e10": -0.10741725564002991,
                "e11": 0.9922778606414795,
                "e12": -0.06201738864183426,
                "e13": -0.9922776222229004,
                "e20": 0.8593379855155945,
                "e21": 0.12403476983308792,
                "e22": 0.49613893032073977,
                "e23": -8.186293601989746,
                "e30": 0.0,
                "e31": 0.0,
                "e32": 0.0,
                "e33": 1.0
            },
            "fieldOfView": 60.0,
            "nearClipPlane": 0.10000000149011612,
            "farClipPlane": 100.0,
            "aspect": 1.860038161277771
        },
        {
            "imageId": 2,
            "imageName": "Camera_L0_H02_0002",
            "position": {
                "x": 3.999999761581421,
                "y": 2.0,
                "z": 6.928203582763672
            },
            "rotation": {
                "x": -0.01608235202729702,
                "y": 0.9640592932701111,
                "z": -0.06002015247941017,
                "w": -0.25831887125968935
            },
            "projectionMatrix": {
                "e00": 0.9311909675598145,
                "e01": 0.0,
                "e02": 0.0,
                "e03": 0.0,
                "e10": 0.0,
                "e11": 1.7320507764816285,
                "e12": 0.0,
                "e13": 0.0,
                "e20": 0.0,
                "e21": 0.0,
                "e22": -1.0020020008087159,
                "e23": -0.20020020008087159,
                "e30": 0.0,
                "e31": 0.0,
                "e32": -1.0,
                "e33": 0.0
            },
            "worldToCameraMatrix": {
                "e00": -0.8660255670547485,
                "e01": -5.587935447692871e-9,
                "e02": 0.4999999403953552,
                "e03": 7.152557373046875e-7,
                "e10": -0.06201735883951187,
                "e11": 0.9922778606414795,
                "e12": -0.10741722583770752,
                "e13": -0.992277979850769,
                "e20": 0.49613887071609499,
                "e21": 0.12403471767902374,
                "e22": 0.8593379259109497,
                "e23": -8.18629264831543,
                "e30": 0.0,
                "e31": 0.0,
                "e32": 0.0,
                "e33": 1.0
            },
            "fieldOfView": 60.0,
            "nearClipPlane": 0.10000000149011612,
            "farClipPlane": 100.0,
            "aspect": 1.860038161277771
        },
        {
            "imageId": 3,
            "imageName": "Camera_L0_H03_0003",
            "position": {
                "x": -3.4969110629390345e-7,
                "y": 2.0,
                "z": 8.0
            },
            "rotation": {
                "x": 1.3580570001892057e-9,
                "y": 0.9980676174163818,
                "z": -0.06213743984699249,
                "w": 2.1813461259512225e-8
            },
            "projectionMatrix": {
                "e00": 0.9311909675598145,
                "e01": 0.0,
                "e02": 0.0,
                "e03": 0.0,
                "e10": 0.0,
                "e11": 1.7320507764816285,
                "e12": 0.0,
                "e13": 0.0,
                "e20": 0.0,
                "e21": 0.0,
                "e22": -1.0020020008087159,
                "e23": -0.20020020008087159,
                "e30": 0.0,
                "e31": 0.0,
                "e32": -1.0,
                "e33": 0.0
            },
            "worldToCameraMatrix": {
                "e00": -1.0,
                "e01": 2.220446049250313e-16,
                "e02": -4.371139183945161e-8,
                "e03": 2.842170943040401e-14,
                "e10": 5.421730620014387e-9,
                "e11": 0.9922778606414795,
                "e12": -0.12403473258018494,
                "e13": -0.9922778606414795,
                "e20": -4.337384851282877e-8,
                "e21": 0.12403473258018494,
                "e22": 0.992277979850769,
                "e23": -8.186293601989746,
                "e30": 0.0,
                "e31": 0.0,
                "e32": 0.0,
                "e33": 1.0
            },
            "fieldOfView": 60.0,
            "nearClipPlane": 0.10000000149011612,
            "farClipPlane": 100.0,
            "aspect": 1.860038161277771
        },
        {
            "imageId": 4,
            "imageName": "Camera_L0_H04_0004",
            "position": {
                "x": -4.000000476837158,
                "y": 2.0,
                "z": 6.928203105926514
            },
            "rotation": {
                "x": 0.01608235388994217,
                "y": 0.9640592932701111,
                "z": -0.06002015247941017,
                "w": 0.2583189308643341
            },
            "projectionMatrix": {
                "e00": 0.9311909675598145,
                "e01": 0.0,
                "e02": 0.0,
                "e03": 0.0,
                "e10": 0.0,
                "e11": 1.7320507764816285,
                "e12": 0.0,
                "e13": 0.0,
                "e20": 0.0,
                "e21": 0.0,
                "e22": -1.0020020008087159,
                "e23": -0.20020020008087159,
                "e30": 0.0,
                "e31": 0.0,
                "e32": -1.0,
                "e33": 0.0
            },
            "worldToCameraMatrix": {
                "e00": -0.8660255670547485,
                "e01": 1.862645149230957e-9,
                "e02": -0.5000000596046448,
                "e03": -7.152557373046875e-7,
                "e10": 0.06201736629009247,
                "e11": 0.9922778606414795,
                "e12": -0.10741721838712692,
                "e13": -0.9922778606414795,
                "e20": -0.4961389899253845,
                "e21": 0.12403472512960434,
                "e22": 0.8593379259109497,
                "e23": -8.18629264831543,
                "e30": 0.0,
                "e31": 0.0,
                "e32": 0.0,
                "e33": 1.0
            },
            "fieldOfView": 60.0,
            "nearClipPlane": 0.10000000149011612,
            "farClipPlane": 100.0,
            "aspect": 1.860038161277771
        },
        {
            "imageId": 5,
            "imageName": "Camera_L0_H05_0005",
            "position": {
                "x": -6.928203105926514,
                "y": 2.0,
                "z": 4.000000476837158
            },
            "rotation": {
                "x": 0.031068719923496248,
                "y": 0.8643519878387451,
                "z": -0.05381260812282562,
                "w": 0.4990338087081909
            },
            "projectionMatrix": {
                "e00": 0.9311909675598145,
                "e01": 0.0,
                "e02": 0.0,
                "e03": 0.0,
                "e10": 0.0,
                "e11": 1.7320507764816285,
                "e12": 0.0,
                "e13": 0.0,
                "e20": 0.0,
                "e21": 0.0,
                "e22": -1.0020020008087159,
                "e23": -0.20020020008087159,
                "e30": 0.0,
                "e31": 0.0,
                "e32": -1.0,
                "e33": 0.0
            },
            "worldToCameraMatrix": {
                "e00": -0.5000002384185791,
                "e01": 0.0,
                "e02": -0.8660255074501038,
                "e03": -7.152557373046875e-7,
                "e10": 0.10741724073886872,
                "e11": 0.9922778606414795,
                "e12": -0.06201738864183426,
                "e13": -0.9922777414321899,
                "e20": -0.8593379855155945,
                "e21": 0.12403475493192673,
                "e22": 0.49613916873931887,
                "e23": -8.186294555664063,
                "e30": 0.0,
                "e31": 0.0,
                "e32": 0.0,
                "e33": 1.0
            },
            "fieldOfView": 60.0,
            "nearClipPlane": 0.10000000149011612,
            "farClipPlane": 100.0,
            "aspect": 1.860038161277771
        },
        {
            "imageId": 6,
            "imageName": "Camera_L0_H06_0006",
            "position": {
                "x": -8.0,
                "y": 2.0,
                "z": -6.993822125878069e-7
            },
            "rotation": {
                "x": 0.0439378097653389,
                "y": 0.7057403326034546,
                "z": -0.0439378060400486,
                "w": 0.7057403922080994
            },
            "projectionMatrix": {
                "e00": 0.9311909675598145,
                "e01": 0.0,
                "e02": 0.0,
                "e03": 0.0,
                "e10": 0.0,
                "e11": 1.7320507764816285,
                "e12": 0.0,
                "e13": 0.0,
                "e20": 0.0,
                "e21": 0.0,
                "e22": -1.0020020008087159,
                "e23": -0.20020020008087159,
                "e30": 0.0,
                "e31": 0.0,
                "e32": -1.0,
                "e33": 0.0
            },
            "worldToCameraMatrix": {
                "e00": 0.0,
                "e01": 0.0,
                "e02": -1.0000001192092896,
                "e03": -6.993822694312257e-7,
                "e10": 0.12403476238250733,
                "e11": 0.9922778606414795,
                "e12": 1.1175870895385743e-8,
                "e13": -0.9922776222229004,
                "e20": -0.9922780394554138,
                "e21": 0.12403476238250733,
                "e22": 0.0,
                "e23": -8.186293601989746,
                "e30": 0.0,
                "e31": 0.0,
                "e32": 0.0,
                "e33": 1.0
            },
            "fieldOfView": 60.0,
            "nearClipPlane": 0.10000000149011612,
            "farClipPlane": 100.0,
            "aspect": 1.860038161277771
        },
        {
            "imageId": 7,
            "imageName": "Camera_L0_H07_0007",
            "position": {
                "x": -6.928203105926514,
                "y": 2.0,
                "z": -3.999999761581421
            },
            "rotation": {
                "x": 0.05381261184811592,
                "y": 0.4990338385105133,
                "z": -0.031068725511431695,
                "w": 0.8643518686294556
            },
            "projectionMatrix": {
                "e00": 0.9311909675598145,
                "e01": 0.0,
                "e02": 0.0,
                "e03": 0.0,
                "e10": 0.0,
                "e11": 1.7320507764816285,
                "e12": 0.0,
                "e13": 0.0,
                "e20": 0.0,
                "e21": 0.0,
                "e22": -1.0020020008087159,
                "e23": -0.20020020008087159,
                "e30": 0.0,
                "e31": 0.0,
                "e32": -1.0,
                "e33": 0.0
            },
            "worldToCameraMatrix": {
                "e00": 0.4999999403953552,
                "e01": 7.450580596923828e-9,
                "e02": -0.866025447845459,
                "e03": -4.76837158203125e-7,
                "e10": 0.10741724818944931,
                "e11": 0.9922778606414795,
                "e12": 0.062017373740673068,
                "e13": -0.9922776818275452,
                "e20": -0.8593379259109497,
                "e21": 0.12403475493192673,
                "e22": -0.49613887071609499,
                "e23": -8.18629264831543,
                "e30": 0.0,
                "e31": 0.0,
                "e32": 0.0,
                "e33": 1.0
            },
            "fieldOfView": 60.0,
            "nearClipPlane": 0.10000000149011612,
            "farClipPlane": 100.0,
            "aspect": 1.860038161277771
        },
        {
            "imageId": 8,
            "imageName": "Camera_L0_H08_0008",
            "position": {
                "x": -3.9999992847442629,
                "y": 2.0,
                "z": -6.928203582763672
            },
            "rotation": {
                "x": 0.06002016365528107,
                "y": 0.25831884145736697,
                "z": -0.01608235016465187,
                "w": 0.9640592932701111
            },
            "projectionMatrix": {
                "e00": 0.9311909675598145,
                "e01": 0.0,
                "e02": 0.0,
                "e03": 0.0,
                "e10": 0.0,
                "e11": 1.7320507764816285,
                "e12": 0.0,
                "e13": 0.0,
                "e20": 0.0,
                "e21": 0.0,
                "e22": -1.0020020008087159,
                "e23": -0.20020020008087159,
                "e30": 0.0,
                "e31": 0.0,
                "e32": -1.0,
                "e33": 0.0
            },
            "worldToCameraMatrix": {
                "e00": 0.866025447845459,
                "e01": 0.0,
                "e02": -0.49999988079071047,
                "e03": 0.0,
                "e10": 0.06201735511422157,
                "e11": 0.9922778606414795,
                "e12": 0.10741724818944931,
                "e13": -0.9922777414321899,
                "e20": -0.4961388111114502,
                "e21": 0.12403474003076554,
                "e22": -0.8593379259109497,
                "e23": -8.18629264831543,
                "e30": 0.0,
                "e31": 0.0,
                "e32": 0.0,
                "e33": 1.0
            },
            "fieldOfView": 60.0,
            "nearClipPlane": 0.10000000149011612,
            "farClipPlane": 100.0,
            "aspect": 1.860038161277771
        },
        {
            "imageId": 9,
            "imageName": "Camera_L0_H09_0009",
            "position": {
                "x": 9.539904510802444e-8,
                "y": 2.0,
                "z": -8.0
            },
            "rotation": {
                "x": 0.06213743984699249,
                "y": -5.9509184247019679e-9,
                "z": 3.704907769463972e-10,
                "w": 0.9980676174163818
            },
            "projectionMatrix": {
                "e00": 0.9311909675598145,
                "e01": 0.0,
                "e02": 0.0,
                "e03": 0.0,
                "e10": 0.0,
                "e11": 1.7320507764816285,
                "e12": 0.0,
                "e13": 0.0,
                "e20": 0.0,
                "e21": 0.0,
                "e22": -1.0020020008087159,
                "e23": -0.20020020008087159,
                "e30": 0.0,
                "e31": 0.0,
                "e32": -1.0,
                "e33": 0.0
            },
            "worldToCameraMatrix": {
                "e00": 1.0,
                "e01": 5.551115123125783e-17,
                "e02": 1.1924880638503055e-8,
                "e03": 0.0,
                "e10": -1.4790992874935683e-9,
                "e11": 0.9922778606414795,
                "e12": 0.12403473258018494,
                "e13": -0.9922778606414795,
                "e20": 1.1832796076305386e-8,
                "e21": 0.12403473258018494,
                "e22": -0.9922778606414795,
                "e23": -8.18629264831543,
                "e30": 0.0,
                "e31": 0.0,
                "e32": 0.0,
                "e33": 1.0
            },
            "fieldOfView": 60.0,
            "nearClipPlane": 0.10000000149011612,
            "farClipPlane": 100.0,
            "aspect": 1.860038161277771
        },
        {
            "imageId": 10,
            "imageName": "Camera_L0_H10_0010",
            "position": {
                "x": 3.9999992847442629,
                "y": 2.0,
                "z": -6.928203582763672
            },
            "rotation": {
                "x": 0.06002016365528107,
                "y": -0.25831884145736697,
                "z": 0.01608235016465187,
                "w": 0.9640592932701111
            },
            "projectionMatrix": {
                "e00": 0.9311909675598145,
                "e01": 0.0,
                "e02": 0.0,
                "e03": 0.0,
                "e10": 0.0,
                "e11": 1.7320507764816285,
                "e12": 0.0,
                "e13": 0.0,
                "e20": 0.0,
                "e21": 0.0,
                "e22": -1.0020020008087159,
                "e23": -0.20020020008087159,
                "e30": 0.0,
                "e31": 0.0,
                "e32": -1.0,
                "e33": 0.0
            },
            "worldToCameraMatrix": {
                "e00": 0.866025447845459,
                "e01": 0.0,
                "e02": 0.49999988079071047,
                "e03": 0.0,
                "e10": -0.06201735511422157,
                "e11": 0.9922778606414795,
                "e12": 0.10741724818944931,
                "e13": -0.9922777414321899,
                "e20": 0.4961388111114502,
                "e21": 0.12403474003076554,
                "e22": -0.8593379259109497,
                "e23": -8.18629264831543,
                "e30": 0.0,
                "e31": 0.0,
                "e32": 0.0,
                "e33": 1.0
            },
            "fieldOfView": 60.0,
            "nearClipPlane": 0.10000000149011612,
            "farClipPlane": 100.0,
            "aspect": 1.860038161277771
        },
        {
            "imageId": 11,
            "imageName": "Camera_L0_H11_0011",
            "position": {
                "x": 6.9282026290893559,
                "y": 2.0,
                "z": -4.000001430511475
            },
            "rotation": {
                "x": 0.05381260812282562,
                "y": -0.49903374910354617,
                "z": 0.031068718060851098,
                "w": 0.8643519878387451
            },
            "projectionMatrix": {
                "e00": 0.9311909675598145,
                "e01": 0.0,
                "e02": 0.0,
                "e03": 0.0,
                "e10": 0.0,
                "e11": 1.7320507764816285,
                "e12": 0.0,
                "e13": 0.0,
                "e20": 0.0,
                "e21": 0.0,
                "e22": -1.0020020008087159,
                "e23": -0.20020020008087159,
                "e30": 0.0,
                "e31": 0.0,
                "e32": -1.0,
                "e33": 0.0
            },
            "worldToCameraMatrix": {
                "e00": 0.5000001192092896,
                "e01": 0.0,
                "e02": 0.8660253882408142,
                "e03": 7.152557373046875e-7,
                "e10": -0.10741723328828812,
                "e11": 0.9922778606414795,
                "e12": 0.062017396092414859,
                "e13": -0.9922777414321899,
                "e20": 0.8593378663063049,
                "e21": 0.12403474748134613,
                "e22": -0.4961390495300293,
                "e23": -8.18629264831543,
                "e30": 0.0,
                "e31": 0.0,
                "e32": 0.0,
                "e33": 1.0
            },
            "fieldOfView": 60.0,
            "nearClipPlane": 0.10000000149011612,
            "farClipPlane": 100.0,
            "aspect": 1.860038161277771
        },
        {
            "imageId": 12,
            "imageName": "Camera_L1_H00_0012",
            "position": {
                "x": 8.0,
                "y": 4.5,
                "z": 0.0
            },
            "rotation": {
                "x": 0.14477799832820893,
                "y": -0.6921266913414002,
                "z": 0.14477799832820893,
                "w": 0.6921266913414002
            },
            "projectionMatrix": {
                "e00": 0.9311909675598145,
                "e01": 0.0,
                "e02": 0.0,
                "e03": 0.0,
                "e10": 0.0,
                "e11": 1.7320507764816285,
                "e12": 0.0,
                "e13": 0.0,
                "e20": 0.0,
                "e21": 0.0,
                "e22": -1.0020020008087159,
                "e23": -0.20020020008087159,
                "e30": 0.0,
                "e31": 0.0,
                "e32": -1.0,
                "e33": 0.0
            },
            "worldToCameraMatrix": {
                "e00": -1.1920928955078126e-7,
                "e01": 0.0,
                "e02": 1.0000001192092896,
                "e03": 9.5367431640625e-7,
                "e10": -0.4008188545703888,
                "e11": 0.9161573052406311,
                "e12": 0.0,
                "e13": -0.9161570072174072,
                "e20": 0.9161574244499207,
                "e21": 0.4008188545703888,
                "e22": 1.1920928955078126e-7,
                "e23": -9.132944107055664,
                "e30": 0.0,
                "e31": 0.0,
                "e32": 0.0,
                "e33": 1.0
            },
            "fieldOfView": 60.0,
            "nearClipPlane": 0.10000000149011612,
            "farClipPlane": 100.0,
            "aspect": 1.860038161277771
        },
        {
            "imageId": 13,
            "imageName": "Camera_L1_H01_0013",
            "position": {
                "x": 6.4721360206604,
                "y": 4.5,
                "z": 4.702281951904297
            },
            "rotation": {
                "x": -0.09295319020748139,
                "y": 0.8721305131912231,
                "z": -0.1824309229850769,
                "w": -0.44437265396118166
            },
            "projectionMatrix": {
                "e00": 0.9311909675598145,
                "e01": 0.0,
                "e02": 0.0,
                "e03": 0.0,
                "e10": 0.0,
                "e11": 1.7320507764816285,
                "e12": 0.0,
                "e13": 0.0,
                "e20": 0.0,
                "e21": 0.0,
                "e22": -1.0020020008087159,
                "e23": -0.20020020008087159,
                "e30": 0.0,
                "e31": 0.0,
                "e32": -1.0,
                "e33": 0.0
            },
            "worldToCameraMatrix": {
                "e00": -0.5877853631973267,
                "e01": 0.0,
                "e02": 0.8090169429779053,
                "e03": 0.0000011920928955078126,
                "e10": -0.32426926493644717,
                "e11": 0.9161573052406311,
                "e12": -0.2355954349040985,
                "e13": -0.9161567687988281,
                "e20": 0.7411868572235107,
                "e21": 0.4008188545703888,
                "e22": 0.538503885269165,
                "e23": -9.132944107055664,
                "e30": 0.0,
                "e31": 0.0,
                "e32": 0.0,
                "e33": 1.0
            },
            "fieldOfView": 60.0,
            "nearClipPlane": 0.10000000149011612,
            "farClipPlane": 100.0,
            "aspect": 1.860038161277771
        },
        {
            "imageId": 14,
            "imageName": "Camera_L1_H02_0014",
            "position": {
                "x": 2.4721357822418215,
                "y": 4.5,
                "z": 7.608452320098877
            },
            "rotation": {
                "x": -0.03202948719263077,
                "y": 0.9667640924453735,
                "z": -0.20222622156143189,
                "w": -0.15312039852142335
            },
            "projectionMatrix": {
                "e00": 0.9311909675598145,
                "e01": 0.0,
                "e02": 0.0,
                "e03": 0.0,
                "e10": 0.0,
                "e11": 1.7320507764816285,
                "e12": 0.0,
                "e13": 0.0,
                "e20": 0.0,
                "e21": 0.0,
                "e22": -1.0020020008087159,
                "e23": -0.20020020008087159,
                "e30": 0.0,
                "e31": 0.0,
                "e32": -1.0,
                "e33": 0.0
            },
            "worldToCameraMatrix": {
                "e00": -0.9510565996170044,
                "e01": 3.725290298461914e-9,
                "e02": 0.30901703238487246,
                "e03": -4.76837158203125e-7,
                "e10": -0.12385983765125275,
                "e11": 0.9161573648452759,
                "e12": -0.3812013566493988,
                "e13": -0.9161577224731445,
                "e20": 0.2831082046031952,
                "e21": 0.4008188545703888,
                "e22": 0.8713175058364868,
                "e23": -9.132944107055664,
                "e30": 0.0,
                "e31": 0.0,
                "e32": 0.0,
                "e33": 1.0
            },
            "fieldOfView": 60.0,
            "nearClipPlane": 0.10000000149011612,
            "farClipPlane": 100.0,
            "aspect": 1.860038161277771
        },
        {
            "imageId": 15,
            "imageName": "Camera_L1_H03_0015",
            "position": {
                "x": -2.472135543823242,
                "y": 4.5,
                "z": 7.608452320098877
            },
            "rotation": {
                "x": 0.03202948346734047,
                "y": 0.9667640924453735,
                "z": -0.20222622156143189,
                "w": 0.15312036871910096
            },
            "projectionMatrix": {
                "e00": 0.9311909675598145,
                "e01": 0.0,
                "e02": 0.0,
                "e03": 0.0,
                "e10": 0.0,
                "e11": 1.7320507764816285,
                "e12": 0.0,
                "e13": 0.0,
                "e20": 0.0,
                "e21": 0.0,
                "e22": -1.0020020008087159,
                "e23": -0.20020020008087159,
                "e30": 0.0,
                "e31": 0.0,
                "e32": -1.0,
                "e33": 0.0
            },
            "worldToCameraMatrix": {
                "e00": -0.9510565996170044,
                "e01": 0.0,
                "e02": -0.30901697278022768,
                "e03": 2.384185791015625e-7,
                "e10": 0.12385981529951096,
                "e11": 0.9161573648452759,
                "e12": -0.3812013864517212,
                "e13": -0.916157603263855,
                "e20": -0.2831081449985504,
                "e21": 0.4008188247680664,
                "e22": 0.8713175058364868,
                "e23": -9.132944107055664,
                "e30": 0.0,
                "e31": 0.0,
                "e32": 0.0,
                "e33": 1.0
            },
            "fieldOfView": 60.0,
            "nearClipPlane": 0.10000000149011612,
            "farClipPlane": 100.0,
            "aspect": 1.860038161277771
        },
        {
            "imageId": 16,
            "imageName": "Camera_L1_H04_0016",
            "position": {
                "x": -6.472136497497559,
                "y": 4.5,
                "z": 4.702281475067139
            },
            "rotation": {
                "x": 0.09295320510864258,
                "y": 0.8721305131912231,
                "z": -0.1824309080839157,
                "w": 0.4443727433681488
            },
            "projectionMatrix": {
                "e00": 0.9311909675598145,
                "e01": 0.0,
                "e02": 0.0,
                "e03": 0.0,
                "e10": 0.0,
                "e11": 1.7320507764816285,
                "e12": 0.0,
                "e13": 0.0,
                "e20": 0.0,
                "e21": 0.0,
                "e22": -1.0020020008087159,
                "e23": -0.20020020008087159,
                "e30": 0.0,
                "e31": 0.0,
                "e32": -1.0,
                "e33": 0.0
            },
            "worldToCameraMatrix": {
                "e00": -0.5877853631973267,
                "e01": 0.0,
                "e02": -0.8090171813964844,
                "e03": -7.152557373046875e-7,
                "e10": 0.32426929473876955,
                "e11": 0.9161573648452759,
                "e12": -0.23559537529945374,
                "e13": -0.9161574840545654,
                "e20": -0.7411869764328003,
                "e21": 0.4008188545703888,
                "e22": 0.538503885269165,
                "e23": -9.13294506072998,
                "e30": 0.0,
                "e31": 0.0,
                "e32": 0.0,
                "e33": 1.0
            },
            "fieldOfView": 60.0,
            "nearClipPlane": 0.10000000149011612,
            "farClipPlane": 100.0,
            "aspect": 1.860038161277771
        },
        {
            "imageId": 17,
            "imageName": "Camera_L1_H05_0017",
            "position": {
                "x": -8.0,
                "y": 4.5,
                "z": -6.993822125878069e-7
            },
            "rotation": {
                "x": 0.14477799832820893,
                "y": 0.6921266913414002,
                "z": -0.14477799832820893,
                "w": 0.6921266913414002
            },
            "projectionMatrix": {
                "e00": 0.9311909675598145,
                "e01": 0.0,
                "e02": 0.0,
                "e03": 0.0,
                "e10": 0.0,
                "e11": 1.7320507764816285,
                "e12": 0.0,
                "e13": 0.0,
                "e20": 0.0,
                "e21": 0.0,
                "e22": -1.0020020008087159,
                "e23": -0.20020020008087159,
                "e30": 0.0,
                "e31": 0.0,
                "e32": -1.0,
                "e33": 0.0
            },
            "worldToCameraMatrix": {
                "e00": -1.1920928955078126e-7,
                "e01": 0.0,
                "e02": -1.0000001192092896,
                "e03": -0.0000016530566426808946,
                "e10": 0.4008188545703888,
                "e11": 0.9161573052406311,
                "e12": 0.0,
                "e13": -0.9161570072174072,
                "e20": -0.9161574244499207,
                "e21": 0.4008188545703888,
                "e22": 1.1920928955078126e-7,
                "e23": -9.132944107055664,
                "e30": 0.0,
                "e31": 0.0,
                "e32": 0.0,
                "e33": 1.0
            },
            "fieldOfView": 60.0,
            "nearClipPlane": 0.10000000149011612,
            "farClipPlane": 100.0,
            "aspect": 1.860038161277771
        },
        {
            "imageId": 18,
            "imageName": "Camera_L1_H06_0018",
            "position": {
                "x": -6.472136497497559,
                "y": 4.5,
                "z": -4.7022809982299809
            },
            "rotation": {
                "x": 0.1824309080839157,
                "y": 0.4443727433681488,
                "z": -0.09295320510864258,
                "w": 0.8721304535865784
            },
            "projectionMatrix": {
                "e00": 0.9311909675598145,
                "e01": 0.0,
                "e02": 0.0,
                "e03": 0.0,
                "e10": 0.0,
                "e11": 1.7320507764816285,
                "e12": 0.0,
                "e13": 0.0,
                "e20": 0.0,
                "e21": 0.0,
                "e22": -1.0020020008087159,
                "e23": -0.20020020008087159,
                "e30": 0.0,
                "e31": 0.0,
                "e32": -1.0,
                "e33": 0.0
            },
            "worldToCameraMatrix": {
                "e00": 0.5877851247787476,
                "e01": 0.0,
                "e02": -0.8090171217918396,
                "e03": -4.76837158203125e-7,
                "e10": 0.32426929473876955,
                "e11": 0.9161573648452759,
                "e12": 0.23559537529945374,
                "e13": -0.9161574840545654,
                "e20": -0.7411869168281555,
                "e21": 0.4008188545703888,
                "e22": -0.5385036468505859,
                "e23": -9.132943153381348,
                "e30": 0.0,
                "e31": 0.0,
                "e32": 0.0,
                "e33": 1.0
            },
            "fieldOfView": 60.0,
            "nearClipPlane": 0.10000000149011612,
            "farClipPlane": 100.0,
            "aspect": 1.860038161277771
        },
        {
            "imageId": 19,
            "imageName": "Camera_L1_H07_0019",
            "position": {
                "x": -2.4721367359161379,
                "y": 4.5,
                "z": -7.608451843261719
            },
            "rotation": {
                "x": 0.20222622156143189,
                "y": 0.15312045812606812,
                "z": -0.03202949836850166,
                "w": 0.9667640924453735
            },
            "projectionMatrix": {
                "e00": 0.9311909675598145,
                "e01": 0.0,
                "e02": 0.0,
                "e03": 0.0,
                "e10": 0.0,
                "e11": 1.7320507764816285,
                "e12": 0.0,
                "e13": 0.0,
                "e20": 0.0,
                "e21": 0.0,
                "e22": -1.0020020008087159,
                "e23": -0.20020020008087159,
                "e30": 0.0,
                "e31": 0.0,
                "e32": -1.0,
                "e33": 0.0
            },
            "worldToCameraMatrix": {
                "e00": 0.9510564804077148,
                "e01": 7.450580596923828e-9,
                "e02": -0.3090171217918396,
                "e03": -2.384185791015625e-7,
                "e10": 0.12385988235473633,
                "e11": 0.9161573648452759,
                "e12": 0.3812013566493988,
                "e13": -0.9161574840545654,
                "e20": -0.28310829401016238,
                "e21": 0.4008188545703888,
                "e22": -0.8713173866271973,
                "e23": -9.132944107055664,
                "e30": 0.0,
                "e31": 0.0,
                "e32": 0.0,
                "e33": 1.0
            },
            "fieldOfView": 60.0,
            "nearClipPlane": 0.10000000149011612,
            "farClipPlane": 100.0,
            "aspect": 1.860038161277771
        },
        {
            "imageId": 20,
            "imageName": "Camera_L1_H08_0020",
            "position": {
                "x": 2.472136974334717,
                "y": 4.5,
                "z": -7.608451843261719
            },
            "rotation": {
                "x": 0.20222622156143189,
                "y": -0.15312045812606812,
                "z": 0.03202950209379196,
                "w": 0.9667640924453735
            },
            "projectionMatrix": {
                "e00": 0.9311909675598145,
                "e01": 0.0,
                "e02": 0.0,
                "e03": 0.0,
                "e10": 0.0,
                "e11": 1.7320507764816285,
                "e12": 0.0,
                "e13": 0.0,
                "e20": 0.0,
                "e21": 0.0,
                "e22": -1.0020020008087159,
                "e23": -0.20020020008087159,
                "e30": 0.0,
                "e31": 0.0,
                "e32": -1.0,
                "e33": 0.0
            },
            "worldToCameraMatrix": {
                "e00": 0.9510564804077148,
                "e01": 0.0,
                "e02": 0.3090171217918396,
                "e03": 0.0,
                "e10": -0.12385988980531693,
                "e11": 0.9161573648452759,
                "e12": 0.3812013566493988,
                "e13": -0.9161574840545654,
                "e20": 0.28310829401016238,
                "e21": 0.4008188545703888,
                "e22": -0.8713173866271973,
                "e23": -9.132944107055664,
                "e30": 0.0,
                "e31": 0.0,
                "e32": 0.0,
                "e33": 1.0
            },
            "fieldOfView": 60.0,
            "nearClipPlane": 0.10000000149011612,
            "farClipPlane": 100.0,
            "aspect": 1.860038161277771
        },
        {
            "imageId": 21,
            "imageName": "Camera_L1_H09_0021",
            "position": {
                "x": 6.472135543823242,
                "y": 4.5,
                "z": -4.702282428741455
            },
            "rotation": {
                "x": 0.1824309229850769,
                "y": -0.44437265396118166,
                "z": 0.09295319020748139,
                "w": 0.8721305131912231
            },
            "projectionMatrix": {
                "e00": 0.9311909675598145,
                "e01": 0.0,
                "e02": 0.0,
                "e03": 0.0,
                "e10": 0.0,
                "e11": 1.7320507764816285,
                "e12": 0.0,
                "e13": 0.0,
                "e20": 0.0,
                "e21": 0.0,
                "e22": -1.0020020008087159,
                "e23": -0.20020020008087159,
                "e30": 0.0,
                "e31": 0.0,
                "e32": -1.0,
                "e33": 0.0
            },
            "worldToCameraMatrix": {
                "e00": 0.5877853035926819,
                "e01": 0.0,
                "e02": 0.8090169429779053,
                "e03": 0.0,
                "e10": -0.32426926493644717,
                "e11": 0.9161573052406311,
                "e12": 0.2355954349040985,
                "e13": -0.9161570072174072,
                "e20": 0.7411868572235107,
                "e21": 0.4008188545703888,
